,fx,fy,fz,svm,rx,ry,rz
0,-0.66015625,-0.265625,0.6796875,0.9840416722351307,5.37109375,46.0205078125,-17.822265625
1,-0.71484375,-0.21875,0.62890625,0.9769218088993228,8.4228515625,44.921875,-16.845703125
2,-0.6640625,-0.203125,0.58984375,0.9111281023793045,11.90185546875,43.0908203125,-14.5263671875
3,-0.625,-0.2109375,0.5859375,0.8822938188678985,15.625,40.83251953125,-12.51220703125
4,-0.65625,-0.1953125,0.54296875,0.8738570241365646,18.9208984375,38.4521484375,-12.5732421875
5,-0.64453125,-0.171875,0.546875,0.8625739466715665,20.20263671875,35.15625,-11.962890625
6,-0.63671875,-0.20703125,0.57421875,0.8820430136505177,21.1181640625,32.16552734375,-11.23046875
7,-0.6640625,-0.203125,0.55859375,0.8912158812938157,22.03369140625,29.23583984375,-11.3525390625
8,-0.66796875,-0.1640625,0.59765625,0.9112034613887696,23.37646484375,26.3671875,-10.68115234375
9,-0.671875,-0.19140625,0.62109375,0.9347779492762572,24.23095703125,22.76611328125,-9.521484375
10,-0.66796875,-0.1796875,0.671875,0.9643058976579022,23.98681640625,19.04296875,-10.31494140625
11,-0.66796875,-0.18359375,0.66796875,0.9623259151618996,23.37646484375,15.80810546875,-11.5966796875
12,-0.69921875,-0.1875,0.6953125,1.0037542443286667,21.728515625,13.7939453125,-13.3056640625
13,-0.671875,-0.2265625,0.66015625,0.9687893767198897,20.08056640625,13.427734375,-14.70947265625
14,-0.6640625,-0.23046875,0.64453125,0.9536851581414985,18.61572265625,15.68603515625,-17.76123046875
15,-0.67578125,-0.21875,0.65234375,0.9644087455615616,18.24951171875,19.04296875,-22.3388671875
16,-0.65234375,-0.2734375,0.609375,0.933626437712275,19.71435546875,21.91162109375,-26.123046875
17,-0.59765625,-0.2421875,0.625,0.8980382944620527,18.61572265625,23.8037109375,-24.90234375
18,-0.59375,-0.2734375,0.59375,0.883089005370495,18.24951171875,24.59716796875,-24.0478515625
19,-0.55859375,-0.2734375,0.58984375,0.8571526663082691,17.08984375,25.32958984375,-23.5595703125
20,-0.54296875,-0.25390625,0.60546875,0.8519834825230989,14.83154296875,25.93994140625,-22.0947265625
21,-0.55078125,-0.23828125,0.56640625,0.8251993574235182,12.02392578125,25.2685546875,-19.775390625
22,-0.546875,-0.25,0.5390625,0.8075646379895853,9.46044921875,23.13232421875,-17.08984375
23,-0.48828125,-0.22265625,0.515625,0.7442200785994859,7.01904296875,20.1416015625,-16.11328125
24,-0.47265625,-0.2109375,0.54296875,0.7501424018457262,4.45556640625,17.27294921875,-15.7470703125
25,-0.49609375,-0.203125,0.53125,0.7547154012699505,3.23486328125,14.404296875,-15.80810546875
26,-0.49609375,-0.19140625,0.53515625,0.7544120712463365,3.35693359375,12.39013671875,-15.625
27,-0.5234375,-0.20703125,0.546875,0.7848063586056196,3.35693359375,10.986328125,-16.41845703125
28,-0.48828125,-0.1796875,0.5546875,0.760515877161064,2.3193359375,10.43701171875,-17.9443359375
29,-0.51953125,-0.1640625,0.5703125,0.7887240146521864,1.40380859375,10.55908203125,-19.287109375
30,-0.55078125,-0.1953125,0.55859375,0.8084144577794703,0.91552734375,9.6435546875,-18.98193359375
31,-0.5625,-0.19921875,0.5703125,0.8254397058585276,0.0,8.4228515625,-19.71435546875
32,-0.5625,-0.23828125,0.59765625,0.8546210840282522,-0.79345703125,7.38525390625,-20.263671875
33,-0.5390625,-0.265625,0.59765625,0.8475482362056524,-1.52587890625,6.8359375,-21.78955078125
34,-0.51953125,-0.28515625,0.58984375,0.8361473889540573,-2.3193359375,7.26318359375,-23.25439453125
35,-0.51171875,-0.29296875,0.59375,0.8367949749359905,-2.99072265625,8.11767578125,-24.35302734375
36,-0.46875,-0.30078125,0.6171875,0.8313340682347936,-4.2724609375,9.70458984375,-25.45166015625
37,-0.4765625,-0.3125,0.640625,0.857419650481169,-4.21142578125,11.53564453125,-25.87890625
38,-0.51171875,-0.3203125,0.60546875,0.8550137916924937,-3.60107421875,12.6953125,-27.16064453125
39,-0.54296875,-0.33984375,0.58984375,0.8707608668886582,-2.8076171875,13.36669921875,-29.23583984375
40,-0.52734375,-0.3203125,0.59765625,0.8590020497556307,-1.8310546875,13.671875,-29.96826171875
41,-0.52734375,-0.328125,0.58203125,0.8511861266877092,-0.79345703125,13.671875,-30.45654296875
42,-0.53125,-0.33203125,0.60546875,0.8712426302145259,0.30517578125,13.36669921875,-30.8837890625
43,-0.5078125,-0.3125,0.62890625,0.8666330575539526,2.13623046875,12.8173828125,-31.18896484375
44,-0.515625,-0.30859375,0.609375,0.8558254108105593,4.21142578125,12.20703125,-31.18896484375
45,-0.5078125,-0.28125,0.5859375,0.8248017043886973,5.55419921875,11.16943359375,-32.470703125
46,-0.53515625,-0.2890625,0.58984375,0.8472691368357371,5.67626953125,10.43701171875,-33.50830078125
47,-0.5234375,-0.2734375,0.6171875,0.854210332979384,5.18798828125,8.97216796875,-33.75244140625
48,-0.47265625,-0.234375,0.62890625,0.8208889343742702,4.7607421875,7.01904296875,-34.1796875
49,-0.52734375,-0.24609375,0.63671875,0.862591636323172,4.2724609375,4.8828125,-34.0576171875
50,-0.515625,-0.2265625,0.66796875,0.8737173215679156,2.5634765625,3.72314453125,-35.7666015625
51,-0.55078125,-0.2109375,0.68359375,0.9028593629668328,0.18310546875,2.99072265625,-36.56005859375
52,-0.55078125,-0.203125,0.65234375,0.877594507241599,-2.01416015625,2.3193359375,-36.865234375
53,-0.58984375,-0.2265625,0.6484375,0.9053824646118139,-3.84521484375,2.9296875,-36.68212890625
54,-0.640625,-0.234375,0.609375,0.9146966283282124,-5.43212890625,3.0517578125,-36.1328125
55,-0.6875,-0.2421875,0.59375,0.9401330212561678,-6.9580078125,4.08935546875,-37.17041015625
56,-0.69140625,-0.25390625,0.55859375,0.9244122261562682,-6.9580078125,4.7607421875,-36.92626953125
57,-0.7421875,-0.28125,0.56640625,0.975069170723448,-6.2255859375,4.82177734375,-36.4990234375
58,-0.74609375,-0.28515625,0.53515625,0.9614375604360313,-4.8828125,3.7841796875,-35.5224609375
59,-0.75,-0.26171875,0.5390625,0.9599922307017972,-3.84521484375,2.685546875,-34.912109375
60,-0.734375,-0.2421875,0.53515625,0.9404007856734875,-3.2958984375,1.0986328125,-34.24072265625
61,-0.7421875,-0.234375,0.53125,0.9423377782309537,-3.0517578125,-1.220703125,-33.935546875
62,-0.703125,-0.203125,0.5859375,0.9375325515182126,-2.8076171875,-4.33349609375,-33.8134765625
63,-0.765625,-0.234375,0.65625,1.0352667983423403,-1.708984375,-7.87353515625,-33.50830078125
64,-0.7734375,-0.2109375,0.6796875,1.0510353433489998,-0.1220703125,-13.3056640625,-33.203125
65,-0.76171875,-0.16015625,0.69921875,1.0463136904710688,1.03759765625,-18.73779296875,-32.470703125
66,-0.7734375,-0.1015625,0.6796875,1.0346475754906836,1.40380859375,-23.5595703125,-31.25
67,-0.796875,-0.07421875,0.66015625,1.037460583776861,1.46484375,-28.38134765625,-27.587890625
68,-0.7734375,-0.05078125,0.6640625,1.0206680683082343,1.46484375,-31.18896484375,-26.9775390625
69,-0.82421875,-0.046875,0.6796875,1.0693497608980949,0.30517578125,-31.8603515625,-27.587890625
70,-0.78125,-0.0234375,0.671875,1.0306875833788094,-0.244140625,-33.50830078125,-26.42822265625
71,-0.8125,-0.0625,0.62109375,1.0246072156143848,-1.52587890625,-35.15625,-22.705078125
72,-0.80859375,-0.0390625,0.5234375,0.9640210308139353,-5.79833984375,-36.68212890625,-23.01025390625
73,-0.8359375,-0.05859375,0.53515625,0.9942921820870236,-13.00048828125,-36.80419921875,-23.13232421875
74,-0.80859375,-0.12109375,0.4765625,0.9463611177739579,-16.845703125,-38.4521484375,-20.56884765625
75,-0.8359375,-0.171875,0.484375,0.9813010038496088,-19.59228515625,-37.9638671875,-20.81298828125
76,-0.8125,-0.2109375,0.4765625,0.9652785584029617,-20.8740234375,-37.53662109375,-21.66748046875
77,-0.78515625,-0.23828125,0.46875,0.9449734670961005,-19.95849609375,-38.0859375,-19.53125
78,-1.046875,-0.27734375,0.5859375,1.2313364995789382,-16.66259765625,-39.306640625,-16.54052734375
79,-0.98046875,-0.33984375,0.5390625,1.1693592788561071,-8.9111328125,-46.20361328125,-9.033203125
80,-0.6171875,-0.3359375,0.42578125,0.8216228373859032,-4.39453125,-50.59814453125,-8.97216796875
81,-0.6953125,-0.3125,0.53125,0.9291621414781437,-6.89697265625,-49.01123046875,-13.48876953125
82,-0.71875,-0.30859375,0.57421875,0.970339547730909,-7.50732421875,-51.3916015625,-12.26806640625
83,-0.75390625,-0.265625,0.578125,0.9864886162744416,-5.43212890625,-54.74853515625,-7.99560546875
84,-0.7578125,-0.23828125,0.5859375,0.9871071335797662,-2.25830078125,-58.59375,-3.60107421875
85,-0.83203125,-0.1953125,0.6015625,1.0451317692229352,-0.3662109375,-60.546875,-1.0986328125
86,-0.875,-0.140625,0.609375,1.0755176805845639,-0.1220703125,-62.19482421875,1.40380859375
87,-0.9765625,-0.0390625,0.62890625,1.1622062065750478,-0.30517578125,-65.0634765625,5.126953125
88,-0.6796875,-0.1171875,0.4921875,0.8473231632433696,-1.708984375,-66.650390625,7.38525390625
89,-0.66796875,-0.11328125,0.515625,0.8514012175250426,-8.60595703125,-63.96484375,0.30517578125
90,-0.62890625,-0.13671875,0.52734375,0.8320495889997708,-17.08984375,-63.29345703125,-4.69970703125
91,-0.6171875,-0.203125,0.546875,0.8492658249371925,-20.99609375,-63.41552734375,-6.77490234375
92,-0.59765625,-0.265625,0.56640625,0.8651968988780098,-22.0947265625,-63.4765625,-7.14111328125
93,-0.58203125,-0.31640625,0.59375,0.8896135978702354,-21.78955078125,-64.3310546875,-7.26318359375
94,-0.57421875,-0.3515625,0.55859375,0.8748430383770994,-21.66748046875,-66.2841796875,-6.9580078125
95,-0.56640625,-0.3828125,0.5703125,0.8902908501448066,-21.78955078125,-68.54248046875,-6.7138671875
96,-0.51171875,-0.4140625,0.58203125,0.8786718437416638,-22.216796875,-71.4111328125,-6.77490234375
97,-0.5,-0.4609375,0.59375,0.9027748564322391,-21.42333984375,-74.0966796875,-7.01904296875
98,-0.42578125,-0.4921875,0.58203125,0.8730971217363936,-19.71435546875,-75.01220703125,-6.2255859375
99,-0.39453125,-0.59375,0.59765625,0.9302617711647754,-17.333984375,-74.15771484375,-4.5166015625
100,-0.38671875,-0.61328125,0.61328125,0.9496205425351157,-15.13671875,-73.1201171875,-6.04248046875
101,-0.31640625,-0.6328125,0.62890625,0.9466190609132984,-12.14599609375,-70.86181640625,-7.32421875
102,-0.28515625,-0.6328125,0.63671875,0.9419004797067867,-8.72802734375,-67.81005859375,-8.4228515625
103,-0.26171875,-0.6171875,0.6328125,0.9218832759162423,-4.94384765625,-64.208984375,-9.21630859375
104,-0.2421875,-0.59375,0.67578125,0.9315976306903171,-0.91552734375,-60.546875,-10.19287109375
105,-0.22265625,-0.578125,0.6953125,0.9312699898232051,3.41796875,-56.884765625,-10.80322265625
106,-0.1875,-0.53515625,0.69921875,0.9002529212758074,6.7138671875,-53.955078125,-11.5966796875
107,-0.18359375,-0.48828125,0.7265625,0.8944374268482257,8.48388671875,-51.025390625,-12.451171875
108,-0.125,-0.46484375,0.7578125,0.897766393373194,9.21630859375,-48.7060546875,-13.36669921875
109,-0.12890625,-0.4375,0.78125,0.904640610291768,9.033203125,-47.18017578125,-14.83154296875
110,-0.046875,-0.4375,0.77734375,0.8932339118557145,8.23974609375,-45.166015625,-15.80810546875
111,-0.046875,-0.39453125,0.75,0.848735631896978,5.859375,-42.17529296875,-16.29638671875
112,-0.0703125,-0.38671875,0.7578125,0.8536832108071837,2.74658203125,-40.0390625,-16.41845703125
113,-0.16015625,-0.39453125,0.76171875,0.8726513540596769,-0.06103515625,-39.9169921875,-16.2353515625
114,-0.2421875,-0.39453125,0.77734375,0.9047502407000924,-2.5634765625,-42.17529296875,-15.9912109375
115,-0.44921875,-0.34375,0.7890625,0.9708661992045107,-3.47900390625,-45.71533203125,-14.16015625
116,-0.3984375,-0.3125,0.6953125,0.8601558952088278,-3.90625,-51.513671875,-11.53564453125
117,-0.30859375,-0.27734375,0.6171875,0.7436868079772392,-7.6904296875,-56.15234375,-13.61083984375
118,-0.2734375,-0.2421875,0.57421875,0.6805512650888708,-14.5263671875,-58.10546875,-18.49365234375
119,-0.1640625,-0.234375,0.55859375,0.6275947116334812,-20.263671875,-57.67822265625,-23.193359375
120,-0.05859375,-0.26953125,0.6171875,0.6760182929639368,-22.15576171875,-55.11474609375,-28.01513671875
121,0.015625,-0.33984375,0.6640625,0.746134652020205,-19.22607421875,-49.8046875,-29.9072265625
122,0.0390625,-0.390625,0.72265625,0.8224024715401289,-14.0380859375,-43.88427734375,-30.33447265625
123,0.1328125,-0.421875,0.76171875,0.8808139019581903,-8.23974609375,-38.4521484375,-27.9541015625
124,0.13671875,-0.41796875,0.78515625,0.8999223463678339,-2.86865234375,-32.28759765625,-23.25439453125
125,0.0078125,-0.44921875,0.82421875,0.9387199094295247,2.13623046875,-26.4892578125,-17.4560546875
126,-0.05859375,-0.453125,0.83984375,0.9560821186373716,6.65283203125,-22.39990234375,-10.7421875
127,-0.109375,-0.44921875,0.83203125,0.9518594312991414,10.43701171875,-19.34814453125,-5.126953125
128,-0.13671875,-0.44140625,0.796875,0.9211629930504291,14.46533203125,-16.78466796875,-0.1220703125
129,-0.16015625,-0.44140625,0.8046875,0.9316713340064591,17.4560546875,-14.83154296875,1.64794921875
130,-0.15625,-0.43359375,0.796875,0.9205581829325414,18.73779296875,-13.36669921875,1.28173828125
131,-0.1640625,-0.41015625,0.79296875,0.9077136617881627,19.71435546875,-12.14599609375,0.3662109375
132,-0.15625,-0.36328125,0.79296875,0.8861076501069861,20.751953125,-11.29150390625,-1.0986328125
133,-0.203125,-0.41015625,0.78515625,0.9088224534820456,21.8505859375,-10.80322265625,-2.38037109375
134,-0.1171875,-0.36328125,0.80078125,0.8871058488756429,22.8271484375,-9.94873046875,-2.5634765625
135,-0.12109375,-0.3046875,0.8046875,0.8689189499611356,23.37646484375,-9.1552734375,-2.50244140625
136,-0.11328125,-0.26953125,0.80078125,0.8524848073013896,22.8271484375,-8.11767578125,-1.708984375
137,-0.109375,-0.24609375,0.82421875,0.8670995169331055,20.3857421875,-7.87353515625,-1.46484375
138,-0.1171875,-0.22265625,0.8203125,0.8580333988118193,16.6015625,-7.99560546875,-1.220703125
139,-0.109375,-0.22265625,0.8359375,0.8719691509424587,12.39013671875,-8.056640625,-1.03759765625
140,-0.1171875,-0.21484375,0.8515625,0.8860301566405979,8.6669921875,-7.99560546875,-1.15966796875
141,-0.125,-0.21484375,0.81640625,0.8534061178320231,5.55419921875,-7.14111328125,-1.03759765625
142,-0.14453125,-0.21875,0.80078125,0.8426099068241039,2.62451171875,-6.04248046875,-0.91552734375
143,-0.13671875,-0.23046875,0.7890625,0.8333231607452027,-0.244140625,-5.43212890625,-0.9765625
144,-0.140625,-0.23828125,0.765625,0.8140853673611647,-2.62451171875,-4.69970703125,-1.28173828125
145,-0.1328125,-0.234375,0.74609375,0.7932381008060017,-4.5166015625,-3.84521484375,-1.52587890625
146,-0.1328125,-0.25390625,0.74609375,0.7992267686547886,-5.615234375,-2.86865234375,-2.01416015625
147,-0.13671875,-0.27734375,0.7265625,0.7896230991250668,-6.103515625,-1.40380859375,-2.38037109375
148,-0.15234375,-0.28125,0.734375,0.8010098758998309,-6.16455078125,-0.1220703125,-2.3193359375
149,-0.15234375,-0.30078125,0.71484375,0.7903667284429978,-5.92041015625,1.3427734375,-2.197265625
150,-0.1484375,-0.3125,0.734375,0.8117860444915581,-5.126953125,2.62451171875,-1.953125
151,-0.15625,-0.30859375,0.74609375,0.8223746401902997,-3.35693359375,4.08935546875,-2.13623046875
152,-0.171875,-0.30078125,0.734375,0.8119833844368753,-1.220703125,5.31005859375,-2.3193359375
153,-0.17578125,-0.296875,0.72265625,0.8007907773823478,0.67138671875,6.4697265625,-2.38037109375
154,-0.171875,-0.296875,0.72265625,0.7999423959974009,1.8310546875,6.9580078125,-2.5634765625
155,-0.1875,-0.265625,0.703125,0.7746597035150338,3.662109375,6.591796875,-5.859375
156,-0.1484375,-0.29296875,0.7265625,0.7973439949539111,3.84521484375,7.01904296875,-5.4931640625
157,-0.171875,-0.2734375,0.74609375,0.812997518950896,2.50244140625,7.14111328125,-3.72314453125
158,-0.18359375,-0.265625,0.7421875,0.8093859344097305,1.03759765625,6.89697265625,-3.173828125
159,-0.1640625,-0.2734375,0.76953125,0.8329843426133906,-0.06103515625,7.14111328125,-3.5400390625
160,-0.18359375,-0.296875,0.7734375,0.8485558302612224,-0.3662109375,8.4228515625,-3.84521484375
161,-0.1953125,-0.2890625,0.78515625,0.8591707853951753,-0.48828125,9.521484375,-4.0283203125
162,-0.19140625,-0.3125,0.77734375,0.8593927554983956,-0.42724609375,10.31494140625,-4.33349609375
163,-0.18359375,-0.3125,0.79296875,0.871872899863062,-0.54931640625,11.474609375,-4.33349609375
164,-0.1875,-0.3203125,0.79296875,0.8755317162346619,-0.54931640625,12.75634765625,-4.0283203125
165,-0.1953125,-0.33203125,0.80078125,0.8886182160997911,-0.48828125,14.16015625,-3.90625
166,-0.1875,-0.34375,0.79296875,0.884375345075021,-0.48828125,15.13671875,-3.72314453125
167,-0.1953125,-0.33984375,0.8125,0.9021069765112741,-0.30517578125,15.7470703125,-3.35693359375
168,-0.20703125,-0.33984375,0.80859375,0.9012100562186862,-0.54931640625,16.17431640625,-2.99072265625
169,-0.21875,-0.32421875,0.8046875,0.8947018123418621,-0.67138671875,16.6015625,-2.44140625
170,-0.21875,-0.328125,0.80078125,0.8926187251433629,-0.67138671875,16.90673828125,-1.708984375
171,-0.234375,-0.3203125,0.8046875,0.8972478536823033,-0.18310546875,17.333984375,-0.9765625
172,-0.2265625,-0.3125,0.79296875,0.8819219097419071,0.42724609375,17.7001953125,-0.244140625
173,-0.25390625,-0.3046875,0.80078125,0.893618188488168,1.03759765625,17.63916015625,0.244140625
174,-0.23828125,-0.30078125,0.80859375,0.8950257912441336,1.708984375,17.578125,0.6103515625
175,-0.25390625,-0.296875,0.8046875,0.8944971336288968,2.44140625,17.4560546875,0.91552734375
176,-0.25390625,-0.30078125,0.796875,0.8887899131772508,3.173828125,17.333984375,0.9765625
177,-0.265625,-0.28125,0.78125,0.8717853896602076,3.662109375,17.02880859375,1.0986328125
178,-0.2578125,-0.29296875,0.78125,0.8732980797716279,3.7841796875,16.66259765625,1.220703125
179,-0.28125,-0.265625,0.77734375,0.8682865361095163,3.84521484375,16.4794921875,1.03759765625
180,-0.27734375,-0.2578125,0.765625,0.8541478100687916,3.5400390625,16.41845703125,0.732421875
181,-0.25390625,-0.2734375,0.76171875,0.8482051074456431,3.41796875,16.54052734375,0.54931640625
182,-0.296875,-0.27734375,0.765625,0.8667386929831058,3.47900390625,16.9677734375,0.06103515625
183,-0.296875,-0.29296875,0.76171875,0.8684358975785864,3.11279296875,17.08984375,-0.3662109375
184,-0.3125,-0.28515625,0.7734375,0.8815758069050628,2.38037109375,16.78466796875,-0.9765625
185,-0.30859375,-0.2890625,0.765625,0.8746249893927754,2.38037109375,16.7236328125,-0.9765625
186,-0.3125,-0.28125,0.7421875,0.8529947817286164,3.11279296875,17.02880859375,-1.3427734375
187,-0.30859375,-0.265625,0.76171875,0.8637141872550346,3.41796875,16.9677734375,-1.708984375
188,-0.3046875,-0.25,0.76953125,0.8645882357416231,3.0517578125,16.7236328125,-1.8310546875
189,-0.33984375,-0.2421875,0.765625,0.8719691509424587,2.74658203125,16.4794921875,-1.52587890625
190,-0.34375,-0.2421875,0.765625,0.8734989915742605,2.86865234375,16.05224609375,-1.77001953125
191,-0.34765625,-0.2421875,0.76171875,0.8716278491546005,2.50244140625,15.5029296875,-2.01416015625
192,-0.33203125,-0.23828125,0.76171875,0.8644293835702761,1.708984375,14.70947265625,-1.953125
193,-0.3515625,-0.2421875,0.75390625,0.866386524798004,1.220703125,14.22119140625,-1.8310546875
194,-0.36328125,-0.2421875,0.7578125,0.8745900965103952,0.8544921875,13.671875,-1.77001953125
195,-0.34765625,-0.2578125,0.75,0.86592849203633,0.3662109375,12.939453125,-1.708984375
196,-0.359375,-0.25,0.734375,0.8549602512690283,0.0,12.3291015625,-1.5869140625
197,-0.38671875,-0.2421875,0.765625,0.8912843639281531,-0.42724609375,11.90185546875,-1.3427734375
198,-0.3828125,-0.25,0.75390625,0.8817142643426568,-0.244140625,11.29150390625,-1.0986328125
199,-0.3828125,-0.265625,0.75,0.8829507635090702,0.0,10.31494140625,-0.91552734375
200,-0.38671875,-0.2578125,0.74609375,0.8790190899786392,0.67138671875,9.58251953125,-1.0986328125
201,-0.38671875,-0.265625,0.7421875,0.8780377653511336,1.28173828125,8.97216796875,-1.220703125
202,-0.3984375,-0.2421875,0.75,0.8831235624545979,1.89208984375,8.544921875,-1.28173828125
203,-0.38671875,-0.265625,0.734375,0.8714440159020902,2.50244140625,8.11767578125,-1.15966796875
204,-0.39453125,-0.265625,0.734375,0.8749389627148642,2.74658203125,7.38525390625,-1.28173828125
205,-0.390625,-0.23828125,0.73046875,0.8619457288328105,2.8076171875,6.77490234375,-1.40380859375
206,-0.3828125,-0.24609375,0.74609375,0.8739355970175233,2.8076171875,6.16455078125,-1.3427734375
207,-0.41015625,-0.2578125,0.73828125,0.8830371672086487,2.38037109375,5.55419921875,-1.03759765625
208,-0.37890625,-0.1640625,0.7890625,0.8905650336171764,2.38037109375,5.06591796875,-1.40380859375
209,-0.3828125,-0.2734375,0.73828125,0.8754271418365223,4.0283203125,4.39453125,-3.96728515625
210,-0.38671875,-0.25,0.7578125,0.8867531656316838,3.84521484375,4.0283203125,-2.62451171875
211,-0.3671875,-0.2578125,0.7421875,0.8672578800268983,2.685546875,3.35693359375,-1.64794921875
212,-0.3828125,-0.24609375,0.7421875,0.8706031409899475,1.64794921875,2.5634765625,-1.52587890625
213,-0.37890625,-0.23046875,0.74609375,0.8679525763569618,0.91552734375,2.0751953125,-1.220703125
214,-0.3671875,-0.265625,0.7421875,0.8696123193340237,0.67138671875,1.708984375,-1.03759765625
215,-0.375,-0.25,0.75,0.875,0.244140625,1.46484375,-0.91552734375
216,-0.3671875,-0.2578125,0.73828125,0.8639173278815876,-0.244140625,0.9765625,-0.79345703125
217,-0.37109375,-0.265625,0.734375,0.8646235322607536,-0.6103515625,0.6103515625,-0.6103515625
218,-0.3515625,-0.265625,0.74609375,0.8664921902823548,-0.79345703125,0.30517578125,-0.42724609375
219,-0.34375,-0.2734375,0.73046875,0.8523595037499215,-0.67138671875,-0.1220703125,-0.3662109375
220,-0.34375,-0.26171875,0.7265625,0.8453128610211799,-0.18310546875,-0.54931640625,-0.3662109375
221,-0.3359375,-0.25,0.73828125,0.848771587653482,0.30517578125,-0.79345703125,-0.54931640625
222,-0.3125,-0.23046875,0.75390625,0.8480251933260149,1.220703125,-0.732421875,0.30517578125
223,-0.3515625,-0.28515625,0.73828125,0.8660077842732564,2.13623046875,-0.8544921875,1.03759765625
224,-0.34765625,-0.25390625,0.75,0.8647735263947001,1.28173828125,-1.0986328125,0.732421875
225,-0.34765625,-0.23828125,0.734375,0.8467286831628092,1.220703125,-1.3427734375,0.48828125
226,-0.33984375,-0.25390625,0.75,0.8616624386632651,1.5869140625,-1.3427734375,0.0
227,-0.33203125,-0.25,0.76171875,0.8677327958986712,1.15966796875,-1.46484375,-0.54931640625
228,-0.328125,-0.26171875,0.73046875,0.8424650226882567,0.3662109375,-1.64794921875,-0.79345703125
229,-0.328125,-0.26171875,0.7578125,0.8662808464249989,-0.48828125,-2.01416015625,-0.91552734375
230,-0.32421875,-0.24609375,0.76171875,0.8636523523630255,-1.40380859375,-2.5634765625,-1.0986328125
231,-0.3125,-0.26171875,0.77734375,0.877733592706594,-2.01416015625,-2.86865234375,-1.220703125
232,-0.32421875,-0.26171875,0.78125,0.8854185814930275,-2.25830078125,-2.8076171875,-1.220703125
233,-0.31640625,-0.25390625,0.765625,0.8664657751193205,-2.13623046875,-2.8076171875,-1.15966796875
234,-0.296875,-0.23828125,0.76953125,0.8585400773715371,-1.89208984375,-2.74658203125,-0.732421875
235,-0.3046875,-0.25,0.7734375,0.868066840204428,-1.220703125,-2.685546875,0.6103515625
236,-0.3203125,-0.2578125,0.76171875,0.8656112504548809,-0.8544921875,-2.86865234375,1.3427734375
237,-0.32421875,-0.26953125,0.76171875,0.8706206675008855,-0.42724609375,-2.62451171875,0.91552734375
238,-0.3125,-0.27734375,0.76171875,0.8687872350383752,-0.6103515625,-2.74658203125,0.0
239,-0.30078125,-0.26953125,0.765625,0.8656200642909827,-1.03759765625,-3.0517578125,-0.42724609375
240,-0.2890625,-0.265625,0.76953125,0.8638820025083359,-1.5869140625,-3.173828125,-0.54931640625
241,-0.28125,-0.2578125,0.76953125,0.8589221107776959,-1.8310546875,-3.23486328125,-0.6103515625
242,-0.3046875,-0.26171875,0.76953125,0.868049262129964,-1.77001953125,-3.47900390625,0.0
243,-0.29296875,-0.27734375,0.76171875,0.8619545801503624,-1.8310546875,-3.60107421875,-0.244140625
244,-0.28515625,-0.265625,0.75390625,0.8486727056575609,-1.8310546875,-3.2958984375,-0.6103515625
245,-0.26953125,-0.23828125,0.77734375,0.8565561011937207,-2.01416015625,-3.47900390625,-0.1220703125
246,-0.2734375,-0.25,0.7734375,0.8575975937539121,-1.5869140625,-3.23486328125,0.6103515625
247,-0.30078125,-0.265625,0.75390625,0.8540495505330034,-0.1220703125,-2.9296875,0.8544921875
248,-0.30078125,-0.265625,0.76171875,0.8609538054263568,0.48828125,-2.3193359375,0.6103515625
249,-0.28515625,-0.27734375,0.76953125,0.8662632321094366,0.67138671875,-1.708984375,0.0
250,-0.28515625,-0.265625,0.76953125,0.8625827915427162,0.732421875,-1.46484375,-0.67138671875
251,-0.29296875,-0.26953125,0.77734375,0.873350496002142,0.54931640625,-1.220703125,-1.28173828125
252,-0.28125,-0.26171875,0.78515625,0.8741101781329542,0.42724609375,-1.03759765625,-1.708984375
253,-0.2734375,-0.25390625,0.78125,0.8657875101289649,0.42724609375,-0.91552734375,-1.953125
254,-0.2890625,-0.25390625,0.78125,0.870848480044211,-0.06103515625,-1.0986328125,-1.64794921875
255,-0.29296875,-0.24609375,0.7890625,0.8769335500320848,0.18310546875,-1.0986328125,-1.46484375
256,-0.296875,-0.25,0.765625,0.8583801059262732,0.18310546875,-1.64794921875,-1.40380859375
257,-0.2890625,-0.26171875,0.7578125,0.8522520860426582,-0.18310546875,-1.953125,-0.91552734375
258,-0.30078125,-0.25390625,0.7578125,0.8539423454173444,-0.54931640625,-2.13623046875,-0.91552734375
259,-0.28515625,-0.2578125,0.7578125,0.849741817981534,-1.0986328125,-2.3193359375,-0.9765625
260,-0.28125,-0.26953125,0.76953125,0.862512030033857,-1.8310546875,-2.25830078125,-1.0986328125
261,-0.28515625,-0.26171875,0.7734375,0.864879388944999,-2.62451171875,-2.38037109375,-0.9765625
262,-0.28515625,-0.2734375,0.76171875,0.8580778562705572,-3.173828125,-2.38037109375,-0.91552734375
263,-0.28125,-0.26953125,0.765625,0.859028694428517,-3.60107421875,-2.25830078125,-0.8544921875
264,-0.28125,-0.2734375,0.765625,0.860262325997861,-4.150390625,-2.0751953125,-0.67138671875
265,-0.27734375,-0.28125,0.7734375,0.8684622528183435,-4.5166015625,-1.8310546875,-0.54931640625
266,-0.28515625,-0.265625,0.74609375,0.8417402279374112,-4.5166015625,-1.46484375,-0.42724609375
267,-0.2890625,-0.27734375,0.76953125,0.8675569314441992,-4.45556640625,-1.03759765625,-0.42724609375
268,-0.28515625,-0.2734375,0.76953125,0.8650205188588737,-4.08935546875,-0.67138671875,-0.48828125
269,-0.26953125,-0.27734375,0.74609375,0.8403704743621634,-3.60107421875,-0.42724609375,-0.30517578125
270,-0.2734375,-0.27734375,0.7265625,0.8243668409613298,-2.99072265625,-0.1220703125,-0.30517578125
271,-0.27734375,-0.27734375,0.74609375,0.8429086517038412,-2.38037109375,0.0,-0.18310546875
272,-0.2734375,-0.28515625,0.734375,0.8338997505367851,-1.8310546875,0.18310546875,-0.30517578125
273,-0.27734375,-0.2890625,0.75,0.8502803564532774,-1.220703125,0.30517578125,-0.48828125
274,-0.27734375,-0.27734375,0.74609375,0.8429086517038412,-0.6103515625,0.42724609375,-0.6103515625
275,-0.2734375,-0.27734375,0.734375,0.8312606466658412,-0.1220703125,0.6103515625,-0.732421875
276,-0.27734375,-0.265625,0.75,0.842600852295476,0.48828125,0.732421875,-0.67138671875
277,-0.265625,-0.25390625,0.75,0.8351796360149489,1.220703125,0.79345703125,-0.48828125
278,-0.30078125,-0.2734375,0.75390625,0.8565115647478877,1.40380859375,0.732421875,-0.18310546875
279,-0.2890625,-0.28125,0.7578125,0.8584512080266997,1.89208984375,1.03759765625,-0.54931640625
280,-0.28125,-0.26953125,0.76171875,0.8555490116458115,2.0751953125,1.40380859375,-0.9765625
281,-0.28515625,-0.26953125,0.76953125,0.8637936827548506,2.01416015625,1.64794921875,-1.220703125
282,-0.2890625,-0.25,0.77734375,0.8662103870136357,1.708984375,1.77001953125,-1.40380859375
283,-0.27734375,-0.26171875,0.765625,0.8553349638537086,1.64794921875,1.77001953125,-1.3427734375
284,-0.29296875,-0.2578125,0.76953125,0.8628304111233998,1.40380859375,1.8310546875,-1.46484375
285,-0.28125,-0.25390625,0.77734375,0.8647735263947001,1.220703125,1.77001953125,-1.52587890625
286,-0.28515625,-0.25390625,0.78125,0.8695596777698038,0.9765625,1.8310546875,-1.3427734375
287,-0.2890625,-0.25390625,0.76953125,0.8603510082645774,0.732421875,1.8310546875,-1.28173828125
288,-0.2734375,-0.265625,0.7734375,0.8622820150261166,0.48828125,1.8310546875,-1.220703125
289,-0.28125,-0.26171875,0.76953125,0.8601026748755785,0.30517578125,1.8310546875,-1.220703125
290,-0.28515625,-0.2734375,0.765625,0.8615473254240376,0.1220703125,1.77001953125,-1.0986328125
291,-0.30078125,-0.2578125,0.765625,0.8620430883272672,-0.06103515625,1.89208984375,-1.03759765625
292,-0.296875,-0.2578125,0.7578125,0.853745767742072,-0.244140625,1.89208984375,-0.9765625
293,-0.296875,-0.25390625,0.77734375,0.8699807210956603,-0.18310546875,2.01416015625,-0.9765625
294,-0.296875,-0.25,0.76171875,0.8548977832036778,-0.1220703125,1.953125,-0.91552734375
295,-0.3046875,-0.25,0.75390625,0.8507109417688904,-0.06103515625,1.953125,-0.79345703125
296,-0.30078125,-0.24609375,0.77734375,0.8690769815181435,0.06103515625,1.89208984375,-0.79345703125
297,-0.29296875,-0.25,0.77734375,0.867521754275145,0.06103515625,1.708984375,-0.48828125
298,-0.3046875,-0.24609375,0.765625,0.8599873528548617,-0.244140625,1.5869140625,-0.54931640625
299,-0.3046875,-0.2421875,0.765625,0.8588776970194884,-0.42724609375,1.3427734375,-0.42724609375
300,-0.30078125,-0.23046875,0.76953125,0.8577666056711974,-0.54931640625,1.15966796875,-0.244140625
301,-0.3046875,-0.24609375,0.75,0.8461067346649077,-0.6103515625,1.03759765625,0.0
302,-0.30078125,-0.25390625,0.76953125,0.8643587732343483,-0.48828125,1.03759765625,0.30517578125
303,-0.3125,-0.25,0.7578125,0.8569924358804166,-0.67138671875,0.91552734375,0.30517578125
304,-0.31640625,-0.26171875,0.76953125,0.872231599901762,-1.15966796875,0.79345703125,0.244140625
305,-0.31640625,-0.25390625,0.75390625,0.8561284556754246,-1.28173828125,0.8544921875,0.30517578125
306,-0.3046875,-0.25,0.76953125,0.8645882357416231,-2.01416015625,0.8544921875,0.1220703125
307,-0.296875,-0.25,0.7734375,0.8653556101576103,-2.38037109375,0.91552734375,0.0
308,-0.3046875,-0.23828125,0.765625,0.8577843944621588,-2.685546875,0.9765625,0.06103515625
309,-0.3125,-0.234375,0.76171875,0.8560393359691846,-2.86865234375,1.03759765625,0.1220703125
310,-0.3125,-0.23046875,0.7734375,0.8654349548826951,-2.9296875,1.220703125,0.244140625
311,-0.3125,-0.2421875,0.765625,0.8616801470274512,-3.11279296875,1.220703125,0.30517578125
312,-0.30859375,-0.23828125,0.78125,0.8731320742823648,-2.99072265625,1.220703125,0.30517578125
313,-0.30859375,-0.25,0.7734375,0.8694456101133138,-2.38037109375,1.220703125,0.42724609375
314,-0.30859375,-0.24609375,0.7578125,0.8544425208780138,-2.0751953125,0.9765625,0.42724609375
315,-0.3203125,-0.234375,0.765625,0.8623881834222046,-1.77001953125,0.67138671875,0.3662109375
316,-0.3125,-0.25,0.76171875,0.8604485482012056,-1.28173828125,0.48828125,0.244140625
317,-0.3125,-0.234375,0.76953125,0.8629983982323273,-1.3427734375,0.54931640625,0.18310546875
318,-0.3046875,-0.23046875,0.76953125,0.8591441451289621,-0.9765625,0.30517578125,-0.1220703125
319,-0.3125,-0.25,0.765625,0.8639084966736928,-0.42724609375,0.1220703125,-0.18310546875
320,-0.3046875,-0.24609375,0.7734375,0.8669499252272662,-0.1220703125,0.30517578125,0.06103515625
321,-0.31640625,-0.25,0.765625,0.8653291602991676,-0.42724609375,0.48828125,-0.06103515625
322,-0.3046875,-0.26171875,0.76953125,0.868049262129964,-0.91552734375,0.732421875,-0.06103515625
323,-0.30859375,-0.2578125,0.78125,0.8786631608274655,-1.15966796875,0.8544921875,-0.1220703125
324,-0.3125,-0.26171875,0.77734375,0.877733592706594,-0.9765625,1.220703125,0.0
325,-0.30859375,-0.25,0.765625,0.8625031844370562,-0.42724609375,1.46484375,0.06103515625
326,-0.30859375,-0.26171875,0.76171875,0.8625208755399416,0.1220703125,1.5869140625,0.0
327,-0.30078125,-0.25,0.7578125,0.8527890392751378,0.48828125,1.52587890625,-0.06103515625
328,-0.30859375,-0.2421875,0.76953125,0.8637495194915451,1.3427734375,1.40380859375,0.18310546875
329,-0.3046875,-0.25390625,0.75390625,0.8518670613624962,2.197265625,1.220703125,0.3662109375
330,-0.3046875,-0.26171875,0.77734375,0.8749825612101506,2.62451171875,0.9765625,0.06103515625
331,-0.31640625,-0.23828125,0.75390625,0.8516252127137192,2.5634765625,0.732421875,-0.30517578125
332,-0.3046875,-0.25390625,0.75,0.8484119615171114,2.3193359375,0.244140625,-0.54931640625
333,-0.3046875,-0.2421875,0.74609375,0.8415136015547001,2.0751953125,-0.1220703125,-0.79345703125
334,-0.31640625,-0.20703125,0.765625,0.8539066073878484,1.77001953125,-0.732421875,-1.0986328125
335,-0.2890625,-0.2421875,0.7578125,0.8464583269238658,2.3193359375,-1.3427734375,-2.38037109375
336,-0.3125,-0.234375,0.76953125,0.8629983982323273,2.197265625,-1.64794921875,-1.89208984375
337,-0.28515625,-0.2421875,0.7890625,0.8732631338700624,1.8310546875,-1.77001953125,-1.77001953125
338,-0.2890625,-0.25390625,0.765625,0.8568588876357136,1.46484375,-1.8310546875,-1.708984375
339,-0.29296875,-0.234375,0.765625,0.8526100924376643,1.03759765625,-1.5869140625,-1.64794921875
340,-0.296875,-0.23828125,0.7734375,0.8620430883272672,0.67138671875,-1.220703125,-1.64794921875
341,-0.2890625,-0.234375,0.77734375,0.861830653432165,0.1220703125,-1.220703125,-1.708984375
342,-0.2890625,-0.2421875,0.78125,0.8675041651557069,-0.18310546875,-1.03759765625,-1.708984375
343,-0.28515625,-0.2421875,0.7734375,0.8591707853951753,-0.54931640625,-0.67138671875,-1.708984375
344,-0.28515625,-0.234375,0.77734375,0.8605283453803977,-0.9765625,-0.48828125,-1.64794921875
345,-0.30078125,-0.2421875,0.79296875,0.8819997641634464,-0.8544921875,-0.244140625,-1.52587890625
346,-0.29296875,-0.24609375,0.76953125,0.8594016331100305,-0.18310546875,-0.06103515625,-1.52587890625
347,-0.28515625,-0.25390625,0.78125,0.8695596777698038,0.1220703125,0.0,-1.5869140625
348,-0.296875,-0.23828125,0.7734375,0.8620430883272672,0.244140625,0.0,-1.52587890625
349,-0.2890625,-0.24609375,0.78125,0.8686028005914513,0.30517578125,0.0,-1.52587890625
350,-0.296875,-0.25,0.765625,0.8583801059262732,0.732421875,0.1220703125,-1.52587890625
351,-0.296875,-0.23828125,0.76953125,0.8585400773715371,0.91552734375,0.06103515625,-1.5869140625
352,-0.28515625,-0.23046875,0.77734375,0.8594726507019799,0.91552734375,0.0,-1.46484375
353,-0.28515625,-0.25,0.76953125,0.8579000126125568,0.91552734375,0.0,-1.52587890625
354,-0.2890625,-0.25,0.765625,0.855709512352907,0.8544921875,0.06103515625,-1.40380859375
355,-0.27734375,-0.2421875,0.77734375,0.8601381554636296,0.91552734375,-0.06103515625,-1.28173828125
356,-0.2890625,-0.23046875,0.76953125,0.8537278947998449,1.220703125,0.1220703125,-1.28173828125
357,-0.28515625,-0.2265625,0.7734375,0.8548977832036778,1.15966796875,0.1220703125,-1.220703125
358,-0.29296875,-0.24609375,0.76953125,0.8594016331100305,1.03759765625,0.30517578125,-0.79345703125
359,-0.29296875,-0.2421875,0.77734375,0.8653027096322274,0.8544921875,0.244140625,-0.67138671875
360,-0.28125,-0.2421875,0.765625,0.8508454549924152,0.54931640625,0.244140625,-0.48828125
361,-0.28125,-0.234375,0.77734375,0.8592418220670258,-0.06103515625,0.244140625,-0.79345703125
362,-0.28125,-0.23828125,0.7734375,0.8567876533936588,-0.8544921875,0.30517578125,-0.8544921875
363,-0.28515625,-0.23828125,0.7734375,0.8580778562705572,-1.40380859375,0.30517578125,-0.732421875
364,-0.28515625,-0.23046875,0.77734375,0.8594726507019799,-1.77001953125,0.3662109375,-0.67138671875
365,-0.2890625,-0.22265625,0.77734375,0.8587177884697481,-2.0751953125,0.3662109375,-0.6103515625
366,-0.28515625,-0.234375,0.75390625,0.8394166792053426,-2.38037109375,0.244140625,-0.48828125
367,-0.29296875,-0.24609375,0.77734375,0.8664041366069806,-2.50244140625,0.244140625,-0.30517578125
368,-0.296875,-0.2421875,0.78125,0.8701385598174868,-2.5634765625,0.42724609375,-0.18310546875
369,-0.29296875,-0.234375,0.765625,0.8526100924376643,-2.62451171875,0.54931640625,-0.18310546875
370,-0.2890625,-0.23828125,0.7734375,0.859383877795053,-2.685546875,0.48828125,-0.06103515625
371,-0.296875,-0.2421875,0.765625,0.8561373671358178,-2.62451171875,0.3662109375,-0.1220703125
372,-0.29296875,-0.234375,0.76953125,0.856119544122271,-2.685546875,0.30517578125,-0.1220703125
373,-0.29296875,-0.234375,0.765625,0.8526100924376643,-2.685546875,0.244140625,-0.244140625
374,-0.27734375,-0.24609375,0.76171875,0.8471700794732351,-2.9296875,0.1220703125,-0.244140625
375,-0.2890625,-0.23046875,0.7734375,0.8572505701596602,-2.99072265625,0.0,-0.244140625
376,-0.296875,-0.24609375,0.7734375,0.8642351912646884,-3.0517578125,0.0,-0.244140625
377,-0.2890625,-0.2421875,0.75390625,0.8429629575797282,-2.99072265625,0.1220703125,-0.244140625
378,-0.2890625,-0.23828125,0.7734375,0.859383877795053,-2.9296875,0.30517578125,-0.244140625
379,-0.30078125,-0.234375,0.7734375,0.8623262534463464,-2.86865234375,0.1220703125,-0.18310546875
380,-0.29296875,-0.23828125,0.78125,0.8677327958986712,-2.8076171875,0.06103515625,-0.18310546875
381,-0.29296875,-0.234375,0.77734375,0.8631486747748762,-2.38037109375,0.42724609375,-0.1220703125
382,-0.296875,-0.23828125,0.78125,0.8690594238753542,-2.0751953125,0.67138671875,-0.06103515625
383,-0.296875,-0.25,0.77734375,0.8688487044871865,-1.8310546875,0.42724609375,-0.18310546875
384,-0.2890625,-0.24609375,0.7734375,0.8615827465203575,-1.8310546875,0.06103515625,-0.18310546875
385,-0.29296875,-0.23828125,0.7734375,0.8607056459582306,-1.5869140625,0.0,-0.30517578125
386,-0.296875,-0.234375,0.75,0.8399800034822258,-1.52587890625,0.244140625,-0.244140625
387,-0.296875,-0.2421875,0.7578125,0.8491580158824976,-1.708984375,0.30517578125,-0.42724609375
388,-0.296875,-0.234375,0.7890625,0.8750348765370727,-2.197265625,0.48828125,-0.54931640625
389,-0.29296875,-0.2421875,0.76953125,0.8582912200176436,-1.8310546875,0.30517578125,-0.48828125
390,-0.3046875,-0.234375,0.765625,0.8567075077914573,-1.3427734375,0.3662109375,-0.30517578125
391,-0.30078125,-0.234375,0.7734375,0.8623262534463464,-0.8544921875,0.30517578125,-0.30517578125
392,-0.296875,-0.2265625,0.7734375,0.8588776970194884,-1.15966796875,0.48828125,-0.48828125
393,-0.2890625,-0.23828125,0.765625,0.8523595037499215,-1.40380859375,0.42724609375,-0.48828125
394,-0.296875,-0.23046875,0.7734375,0.8599163777704275,-1.64794921875,0.3662109375,-0.3662109375
395,-0.30078125,-0.23828125,0.7734375,0.8633961320618566,-1.77001953125,0.30517578125,-0.54931640625
396,-0.30078125,-0.234375,0.7734375,0.8623262534463464,-1.8310546875,0.3662109375,-0.732421875
397,-0.296875,-0.2265625,0.77734375,0.8623970301985696,-2.01416015625,0.244140625,-0.732421875
398,-0.2890625,-0.234375,0.77734375,0.861830653432165,-1.89208984375,0.42724609375,-0.8544921875
399,-0.3046875,-0.23046875,0.77734375,0.866148730326885,-1.708984375,0.54931640625,-0.79345703125
400,-0.29296875,-0.23828125,0.76171875,0.8501906237307534,-1.52587890625,0.54931640625,-0.732421875
401,-0.296875,-0.234375,0.78515625,0.8715140521896722,-1.3427734375,0.6103515625,-0.79345703125
402,-0.2890625,-0.2421875,0.76953125,0.8569657278964325,-1.0986328125,0.67138671875,-0.732421875
403,-0.296875,-0.23046875,0.77734375,0.8634314773134143,-0.8544921875,0.6103515625,-0.8544921875
404,-0.3046875,-0.234375,0.77734375,0.8671962978157325,-0.732421875,0.48828125,-0.732421875
405,-0.3046875,-0.2265625,0.7734375,0.8616093113869824,-0.67138671875,0.42724609375,-0.8544921875
406,-0.2890625,-0.2265625,0.7734375,0.8562086554799303,-0.54931640625,0.48828125,-0.91552734375
407,-0.29296875,-0.2421875,0.7734375,0.8617952425251967,-0.48828125,0.42724609375,-0.8544921875
408,-0.30078125,-0.21875,0.76953125,0.8546924988427855,-0.42724609375,0.3662109375,-0.91552734375
409,-0.29296875,-0.22265625,0.75,0.8354079806541382,-0.30517578125,0.244140625,-0.9765625
410,-0.3046875,-0.23046875,0.7734375,0.8626447031014927,-0.244140625,0.0,-1.03759765625
411,-0.2890625,-0.2265625,0.75390625,0.8386073748194458,0.0,-0.30517578125,-1.03759765625
412,-0.296875,-0.23046875,0.7734375,0.8599163777704275,0.244140625,-0.30517578125,-0.91552734375
413,-0.3046875,-0.23046875,0.7578125,0.8486637158139038,0.42724609375,-0.1220703125,-0.732421875
414,-0.2890625,-0.21875,0.78515625,0.8647999932471742,0.9765625,-0.42724609375,-0.42724609375
415,-0.30078125,-0.234375,0.76171875,0.8518312362658023,1.03759765625,-1.03759765625,0.3662109375
416,-0.37109375,-0.234375,0.75,0.8689891897567326,2.0751953125,-0.6103515625,-1.0986328125
417,-0.28515625,-0.25,0.76953125,0.8579000126125568,3.47900390625,-0.6103515625,-3.41796875
418,-0.29296875,-0.23828125,0.76171875,0.8501906237307534,3.47900390625,-0.91552734375,-2.5634765625
419,-0.2890625,-0.234375,0.765625,0.8512757544745709,2.685546875,-0.79345703125,-1.52587890625
420,-0.28515625,-0.20703125,0.7734375,0.8499303452618191,1.8310546875,-0.9765625,-1.28173828125
421,-0.2890625,-0.234375,0.77734375,0.861830653432165,1.220703125,-0.8544921875,-1.0986328125
422,-0.28515625,-0.23046875,0.78125,0.8630072387533172,0.732421875,-0.6103515625,-1.03759765625
423,-0.296875,-0.2265625,0.7890625,0.8729747768048628,0.67138671875,-0.3662109375,-0.9765625
424,-0.2890625,-0.23046875,0.78125,0.86430581169677,0.42724609375,-0.18310546875,-0.8544921875
425,-0.28515625,-0.22265625,0.7734375,0.8538708678625679,0.0,-0.18310546875,-0.79345703125
426,-0.296875,-0.22265625,0.78125,0.8649058525579894,-0.8544921875,-0.1220703125,-0.732421875
427,-0.29296875,-0.23046875,0.78515625,0.8691472085424813,-1.220703125,-0.18310546875,-0.732421875
428,-0.28515625,-0.21875,0.78125,0.859951866044875,-1.708984375,-0.244140625,-0.79345703125
429,-0.28125,-0.2265625,0.78125,0.8606879175440132,-1.8310546875,-0.06103515625,-0.732421875
430,-0.2734375,-0.23046875,0.7734375,0.8521088413689079,-2.197265625,0.06103515625,-0.732421875
431,-0.28125,-0.2265625,0.76953125,0.8500649820059714,-2.38037109375,0.06103515625,-0.6103515625
432,-0.29296875,-0.23046875,0.77734375,0.862096188871745,-2.8076171875,0.18310546875,-0.6103515625
433,-0.29296875,-0.2265625,0.7734375,0.8575353178085802,-3.0517578125,0.1220703125,-0.67138671875
434,-0.28125,-0.23046875,0.7734375,0.8546478652830138,-3.173828125,0.18310546875,-0.6103515625
435,-0.30078125,-0.22265625,0.78125,0.8662544248173426,-3.35693359375,0.18310546875,-0.6103515625
436,-0.29296875,-0.2265625,0.78515625,0.8681195722922477,-3.5400390625,0.30517578125,-0.54931640625
437,-0.28125,-0.2265625,0.77734375,0.8571437654036297,-3.41796875,0.30517578125,-0.48828125
438,-0.30078125,-0.2265625,0.77734375,0.8637495194915451,-3.41796875,0.3662109375,-0.54931640625
439,-0.28125,-0.2421875,0.76953125,0.8543621552847555,-3.35693359375,0.54931640625,-0.54931640625
440,-0.28515625,-0.234375,0.78515625,0.8675921071869689,-3.2958984375,0.67138671875,-0.42724609375
441,-0.29296875,-0.21875,0.76953125,0.8519745276140156,-3.173828125,0.67138671875,-0.48828125
442,-0.2890625,-0.2265625,0.77734375,0.8597389144249331,-3.23486328125,0.67138671875,-0.42724609375
443,-0.296875,-0.2265625,0.76953125,0.8553617227569938,-2.99072265625,0.79345703125,-0.42724609375
444,-0.296875,-0.23046875,0.77734375,0.8634314773134143,-2.8076171875,0.79345703125,-0.42724609375
445,-0.28125,-0.23828125,0.77734375,0.8603155364548667,-2.8076171875,0.732421875,-0.3662109375
446,-0.30078125,-0.2265625,0.77734375,0.8637495194915451,-2.8076171875,0.54931640625,-0.3662109375
447,-0.29296875,-0.2265625,0.76953125,0.8540138169897341,-2.62451171875,0.42724609375,-0.3662109375
448,-0.296875,-0.21875,0.78125,0.8639084966736928,-2.5634765625,0.42724609375,-0.42724609375
449,-0.28515625,-0.234375,0.76953125,0.8534776343089636,-2.50244140625,0.42724609375,-0.42724609375
450,-0.28125,-0.2265625,0.765625,0.846530430363404,-2.44140625,0.30517578125,-0.54931640625
451,-0.27734375,-0.22265625,0.77734375,0.8548442355143933,-2.38037109375,0.244140625,-0.48828125
452,-0.296875,-0.2265625,0.77734375,0.8623970301985696,-2.3193359375,0.3662109375,-0.42724609375
453,-0.2890625,-0.21875,0.78125,0.8612550457943629,-2.13623046875,0.42724609375,-0.42724609375
454,-0.28515625,-0.23046875,0.78125,0.8630072387533172,-1.89208984375,0.3662109375,-0.18310546875
455,-0.296875,-0.22265625,0.78515625,0.8684358975785864,-1.708984375,0.54931640625,-0.42724609375
456,-0.28515625,-0.23046875,0.76953125,0.8524132075274218,-1.52587890625,0.6103515625,-0.48828125
457,-0.2890625,-0.22265625,0.7734375,0.8551833142528931,-1.46484375,0.54931640625,-0.42724609375
458,-0.2890625,-0.22265625,0.77734375,0.8587177884697481,-1.46484375,0.6103515625,-0.48828125
459,-0.28125,-0.2421875,0.78125,0.8649323153612947,-1.52587890625,0.6103515625,-0.6103515625
460,-0.28515625,-0.234375,0.76953125,0.8534776343089636,-1.3427734375,0.6103515625,-0.48828125
461,-0.28515625,-0.2265625,0.78125,0.861972282512792,-1.40380859375,0.6103515625,-0.6103515625
462,-0.296875,-0.22265625,0.76171875,0.8473051548235884,-1.52587890625,0.6103515625,-0.54931640625
463,-0.2890625,-0.21875,0.76171875,0.8435781798433459,-1.64794921875,0.6103515625,-0.54931640625
464,-0.2890625,-0.23046875,0.7734375,0.8572505701596602,-1.8310546875,0.42724609375,-0.54931640625
465,-0.296875,-0.23046875,0.78125,0.8669499252272662,-1.953125,0.42724609375,-0.48828125
466,-0.29296875,-0.23046875,0.76953125,0.8550584061511164,-1.953125,0.6103515625,-0.6103515625
467,-0.29296875,-0.22265625,0.78515625,0.8671083156415279,-2.0751953125,0.42724609375,-0.6103515625
468,-0.28515625,-0.23046875,0.78125,0.8630072387533172,-2.25830078125,0.244140625,-0.6103515625
469,-0.29296875,-0.2265625,0.7734375,0.8575353178085802,-2.38037109375,0.244140625,-0.6103515625
470,-0.28125,-0.22265625,0.7734375,0.852574298563071,-2.3193359375,0.48828125,-0.6103515625
471,-0.28515625,-0.21875,0.77734375,0.8564046678283141,-2.13623046875,0.48828125,-0.54931640625
472,-0.29296875,-0.23046875,0.78515625,0.8691472085424813,-2.13623046875,0.48828125,-0.48828125
473,-0.29296875,-0.22265625,0.7734375,0.8565115647478877,-2.197265625,0.48828125,-0.42724609375
474,-0.28515625,-0.234375,0.78125,0.8640586149324955,-2.197265625,0.48828125,-0.42724609375
475,-0.29296875,-0.22265625,0.7734375,0.8565115647478877,-2.3193359375,0.48828125,-0.42724609375
476,-0.2890625,-0.21875,0.77734375,0.8577132370846987,-2.0751953125,0.54931640625,-0.3662109375
477,-0.28515625,-0.234375,0.77734375,0.8605283453803977,-1.8310546875,0.54931640625,-0.3662109375
478,-0.28515625,-0.23046875,0.77734375,0.8594726507019799,-1.708984375,0.6103515625,-0.3662109375
479,-0.2890625,-0.22265625,0.78125,0.8622554708845358,-1.52587890625,0.67138671875,-0.3662109375
480,-0.296875,-0.2265625,0.7734375,0.8588776970194884,-1.40380859375,0.67138671875,-0.244140625
481,-0.28125,-0.22265625,0.77734375,0.856119544122271,-1.15966796875,0.67138671875,-0.30517578125
482,-0.29296875,-0.22265625,0.78515625,0.8671083156415279,-1.03759765625,0.732421875,-0.30517578125
483,-0.29296875,-0.23046875,0.77734375,0.862096188871745,-0.9765625,0.67138671875,-0.30517578125
484,-0.28125,-0.22265625,0.78515625,0.8632193840954483,-0.8544921875,0.67138671875,-0.42724609375
485,-0.27734375,-0.21875,0.76953125,0.8467286831628092,-0.8544921875,0.67138671875,-0.3662109375
486,-0.28515625,-0.23046875,0.77734375,0.8594726507019799,-0.91552734375,0.732421875,-0.244140625
487,-0.28125,-0.22265625,0.78125,0.8596679188291619,-0.91552734375,0.732421875,-0.18310546875
488,-0.28515625,-0.234375,0.77734375,0.8605283453803977,-0.9765625,0.732421875,-0.18310546875
489,-0.30078125,-0.22265625,0.7734375,0.8592151840033293,-1.220703125,0.91552734375,-0.30517578125
490,-0.29296875,-0.22265625,0.78125,0.8635728438531546,-1.40380859375,0.79345703125,-0.42724609375
491,-0.29296875,-0.23046875,0.76953125,0.8550584061511164,-1.46484375,0.67138671875,-0.48828125
492,-0.29296875,-0.2265625,0.77734375,0.861060137590212,-1.5869140625,0.67138671875,-0.42724609375
493,-0.2890625,-0.21875,0.78515625,0.8647999932471742,-1.64794921875,0.6103515625,-0.54931640625
494,-0.265625,-0.234375,0.78125,0.8578110769569253,-1.77001953125,0.48828125,-0.42724609375
495,-0.29296875,-0.22265625,0.7734375,0.8565115647478877,-2.0751953125,0.30517578125,-0.1220703125
496,-0.29296875,-0.22265625,0.765625,0.8494634393342806,-1.77001953125,0.48828125,-0.18310546875
497,-0.28515625,-0.22265625,0.78125,0.8609538054263568,-1.5869140625,0.67138671875,-0.30517578125
498,-0.28125,-0.22265625,0.77734375,0.856119544122271,-1.46484375,0.67138671875,-0.3662109375
499,-0.28515625,-0.21875,0.78125,0.859951866044875,-1.40380859375,0.67138671875,-0.42724609375
500,-0.29296875,-0.21484375,0.77734375,0.8580511820717267,-1.220703125,0.6103515625,-0.48828125
501,-0.28515625,-0.21875,0.76953125,0.8493197243327303,-0.67138671875,0.48828125,0.0
502,-0.29296875,-0.234375,0.76953125,0.856119544122271,0.42724609375,0.3662109375,0.732421875
503,-0.296875,-0.2109375,0.76171875,0.8443013967966727,0.8544921875,0.3662109375,0.1220703125
504,-0.29296875,-0.23046875,0.77734375,0.862096188871745,0.48828125,0.30517578125,-0.48828125
505,-0.28125,-0.21875,0.77734375,0.8551119404288906,0.18310546875,0.0,-0.79345703125
506,-0.2734375,-0.21484375,0.77734375,0.8515804183894643,-0.18310546875,-0.244140625,-0.91552734375
507,-0.28515625,-0.21875,0.78125,0.859951866044875,-0.79345703125,-0.18310546875,-0.8544921875
508,-0.27734375,-0.2265625,0.7890625,0.8665274092471412,-1.03759765625,-0.06103515625,-0.79345703125
509,-0.27734375,-0.2265625,0.78515625,0.8629718761259692,-1.52587890625,0.244140625,-0.6103515625
510,-0.2734375,-0.2265625,0.78515625,0.8617244163458306,-1.77001953125,0.79345703125,-0.244140625
511,-0.2890625,-0.2265625,0.80078125,0.880987120033013,-2.01416015625,1.15966796875,-0.18310546875
512,-0.296875,-0.23046875,0.7890625,0.8739967043746861,-1.953125,1.40380859375,-0.18310546875
513,-0.28125,-0.23046875,0.78125,0.8617244163458306,-1.52587890625,1.52587890625,-0.06103515625
514,-0.28515625,-0.234375,0.78125,0.8640586149324955,-1.03759765625,1.52587890625,0.0
515,-0.2890625,-0.2109375,0.7578125,0.838052231647139,-0.3662109375,1.46484375,-0.1220703125
516,-0.28515625,-0.21875,0.765625,0.8457820582390374,-0.1220703125,1.5869140625,-0.1220703125
517,-0.2890625,-0.22265625,0.7734375,0.8551833142528931,0.244140625,1.46484375,0.0
518,-0.2734375,-0.21875,0.78125,0.8561373671358178,0.244140625,1.3427734375,0.0
519,-0.29296875,-0.20703125,0.73828125,0.820823873345974,-0.732421875,0.06103515625,0.3662109375
520,-0.30859375,-0.2265625,0.74609375,0.8385800812888266,0.732421875,0.0,0.3662109375
521,-0.3046875,-0.23046875,0.76171875,0.8521536079160699,1.708984375,-0.1220703125,0.06103515625
522,-0.30078125,-0.22265625,0.75390625,0.841676778701116,1.0986328125,-1.3427734375,-0.18310546875
523,-0.26171875,-0.2109375,0.77734375,0.8469088727082005,0.06103515625,-2.197265625,-0.48828125
524,-0.27734375,-0.203125,0.78125,0.853540206310788,-0.54931640625,-2.01416015625,-0.54931640625
525,-0.2734375,-0.21875,0.7890625,0.8632724122850793,-0.9765625,-1.52587890625,-0.3662109375
526,-0.27734375,-0.2109375,0.78515625,0.8590020497556307,-1.40380859375,-0.9765625,-0.42724609375
527,-0.27734375,-0.21484375,0.78515625,0.8599696096329146,-2.25830078125,-0.67138671875,-0.3662109375
528,-0.27734375,-0.21484375,0.796875,0.8706820075108507,-3.173828125,-0.48828125,-0.42724609375
529,-0.265625,-0.2109375,0.7890625,0.8588776970194884,-3.96728515625,-0.3662109375,-0.3662109375
530,-0.27734375,-0.22265625,0.7890625,0.8655142923339713,-4.82177734375,-0.244140625,-0.42724609375
531,-0.28125,-0.21875,0.79296875,0.8693403036076048,-5.126953125,-0.06103515625,-0.3662109375
532,-0.28125,-0.23046875,0.78515625,0.8652674408185165,-5.18798828125,0.30517578125,-0.30517578125
533,-0.28125,-0.21875,0.77734375,0.8551119404288906,-4.94384765625,0.48828125,-0.3662109375
534,-0.2890625,-0.21484375,0.76171875,0.8425736881257775,-4.7607421875,0.67138671875,-0.48828125
535,-0.2890625,-0.21875,0.78515625,0.8647999932471742,-4.5166015625,0.67138671875,-0.42724609375
536,-0.29296875,-0.2265625,0.77734375,0.861060137590212,-4.0283203125,0.732421875,-0.42724609375
537,-0.28125,-0.21875,0.78515625,0.862220077424588,-3.60107421875,0.6103515625,-0.48828125
538,-0.28515625,-0.21875,0.78125,0.859951866044875,-3.11279296875,0.79345703125,-0.42724609375
539,-0.28515625,-0.22265625,0.7734375,0.8538708678625679,-2.86865234375,0.6103515625,-0.42724609375
540,-0.29296875,-0.21875,0.77734375,0.8590375758024936,-2.685546875,0.67138671875,-0.42724609375
541,-0.28515625,-0.22265625,0.7734375,0.8538708678625679,-2.50244140625,0.732421875,-0.3662109375
542,-0.27734375,-0.21875,0.78125,0.8573929558050162,-2.44140625,0.67138671875,-0.3662109375
543,-0.2734375,-0.21875,0.765625,0.8419033611592545,-2.50244140625,0.8544921875,-0.42724609375
544,-0.28125,-0.2265625,0.78125,0.8606879175440132,-2.5634765625,0.91552734375,-0.48828125
545,-0.296875,-0.21875,0.77734375,0.8603776111621353,-2.8076171875,1.03759765625,-0.3662109375
546,-0.2890625,-0.21875,0.77734375,0.8577132370846987,-2.9296875,1.03759765625,-0.3662109375
547,-0.29296875,-0.21875,0.77734375,0.8590375758024936,-2.99072265625,1.03759765625,-0.3662109375
548,-0.2890625,-0.21484375,0.76953125,0.8496430489016402,-3.35693359375,1.0986328125,-0.48828125
549,-0.28125,-0.22265625,0.78125,0.8596679188291619,-3.5400390625,1.03759765625,-0.48828125
550,-0.28125,-0.2265625,0.7734375,0.8536027737258707,-3.72314453125,1.03759765625,-0.42724609375
551,-0.28515625,-0.21484375,0.78125,0.8589665222394438,-3.90625,0.9765625,-0.54931640625
552,-0.27734375,-0.2265625,0.7734375,0.8523236993516973,-4.0283203125,0.91552734375,-0.54931640625
553,-0.28125,-0.21484375,0.78125,0.8576776561821244,-4.21142578125,0.732421875,-0.48828125
554,-0.28515625,-0.2265625,0.78125,0.861972282512792,-4.21142578125,0.732421875,-0.3662109375
555,-0.2890625,-0.22265625,0.78515625,0.8657963221707372,-4.21142578125,0.732421875,-0.3662109375
556,-0.28125,-0.2265625,0.76953125,0.8500649820059714,-4.2724609375,0.67138671875,-0.42724609375
557,-0.28125,-0.22265625,0.77734375,0.856119544122271,-3.96728515625,0.67138671875,-0.3662109375
558,-0.2890625,-0.22265625,0.7734375,0.8551833142528931,-3.90625,0.6103515625,-0.42724609375
559,-0.28125,-0.2265625,0.78125,0.8606879175440132,-3.72314453125,0.54931640625,-0.30517578125
560,-0.28515625,-0.21875,0.77734375,0.8564046678283141,-3.5400390625,0.54931640625,-0.30517578125
561,-0.27734375,-0.22265625,0.796875,0.8726426112407788,-3.47900390625,0.48828125,-0.30517578125
562,-0.2890625,-0.22265625,0.77734375,0.8587177884697481,-3.5400390625,0.42724609375,-0.244140625
563,-0.27734375,-0.21875,0.78125,0.8573929558050162,-3.60107421875,0.3662109375,-0.30517578125
564,-0.2890625,-0.22265625,0.77734375,0.8587177884697481,-3.84521484375,0.48828125,-0.18310546875
565,-0.2890625,-0.23046875,0.7734375,0.8572505701596602,-3.96728515625,0.48828125,-0.244140625
566,-0.27734375,-0.23046875,0.76953125,0.8498315980929325,-3.96728515625,0.6103515625,-0.244140625
567,-0.28125,-0.234375,0.77734375,0.8592418220670258,-4.0283203125,0.79345703125,-0.244140625
568,-0.29296875,-0.23046875,0.77734375,0.862096188871745,-3.90625,0.8544921875,-0.244140625
569,-0.2890625,-0.234375,0.7734375,0.8583089979357668,-3.72314453125,1.03759765625,-0.18310546875
570,-0.2890625,-0.234375,0.77734375,0.861830653432165,-3.47900390625,1.03759765625,-0.244140625
571,-0.28125,-0.2265625,0.78515625,0.8642351912646884,-3.35693359375,0.9765625,-0.18310546875
572,-0.2734375,-0.2265625,0.77734375,0.8546121567568311,-3.2958984375,0.91552734375,-0.18310546875
573,-0.28125,-0.2265625,0.7734375,0.8536027737258707,-3.2958984375,0.91552734375,-0.1220703125
574,-0.28125,-0.2265625,0.78515625,0.8642351912646884,-3.41796875,0.79345703125,-0.18310546875
575,-0.2734375,-0.23046875,0.78515625,0.8627596699237134,-3.5400390625,0.732421875,-0.18310546875
576,-0.28515625,-0.2265625,0.78515625,0.8655142923339713,-3.60107421875,0.6103515625,-0.244140625
577,-0.28125,-0.23046875,0.78125,0.8617244163458306,-3.7841796875,0.67138671875,-0.3662109375
578,-0.2890625,-0.22265625,0.7734375,0.8551833142528931,-3.96728515625,0.54931640625,-0.42724609375
579,-0.28515625,-0.22265625,0.7734375,0.8538708678625679,-4.0283203125,0.6103515625,-0.42724609375
580,-0.28515625,-0.21484375,0.77734375,0.8554152380523669,-4.21142578125,0.67138671875,-0.244140625
581,-0.28515625,-0.21484375,0.78125,0.8589665222394438,-4.39453125,0.8544921875,-0.30517578125
582,-0.2734375,-0.2265625,0.78515625,0.8617244163458306,-4.45556640625,0.91552734375,-0.30517578125
583,-0.28125,-0.22265625,0.77734375,0.856119544122271,-4.7607421875,1.0986328125,-0.3662109375
584,-0.28515625,-0.2265625,0.78125,0.861972282512792,-4.82177734375,1.28173828125,-0.244140625
585,-0.2890625,-0.23046875,0.7890625,0.8713739739853735,-4.7607421875,1.46484375,-0.244140625
586,-0.2890625,-0.22265625,0.78515625,0.8657963221707372,-4.5166015625,1.46484375,-0.30517578125
587,-0.28515625,-0.234375,0.78515625,0.8675921071869689,-4.21142578125,1.46484375,-0.244140625
588,-0.28125,-0.23046875,0.77734375,0.8581845447749714,-3.96728515625,1.46484375,-0.30517578125
589,-0.28125,-0.22265625,0.77734375,0.856119544122271,-3.72314453125,1.46484375,-0.30517578125
590,-0.29296875,-0.21875,0.77734375,0.8590375758024936,-3.5400390625,1.46484375,-0.3662109375
591,-0.27734375,-0.21875,0.76953125,0.8467286831628092,-3.662109375,1.3427734375,-0.30517578125
592,-0.2890625,-0.2265625,0.78125,0.8632724122850793,-3.72314453125,1.28173828125,-0.244140625
593,-0.28515625,-0.21875,0.78125,0.859951866044875,-3.7841796875,1.0986328125,-0.244140625
594,-0.26953125,-0.2265625,0.7734375,0.8498136428294515,-3.90625,1.03759765625,-0.30517578125
595,-0.28515625,-0.22265625,0.77734375,0.8574107523481307,-3.90625,0.79345703125,-0.244140625
596,-0.28515625,-0.21484375,0.76953125,0.8483220311619212,-4.0283203125,0.8544921875,-0.30517578125
597,-0.28515625,-0.21875,0.7734375,0.8528606074970941,-4.0283203125,0.8544921875,-0.244140625
598,-0.28125,-0.2265625,0.76953125,0.8500649820059714,-4.0283203125,0.8544921875,-0.18310546875
599,-0.28125,-0.22265625,0.7734375,0.852574298563071,-4.08935546875,1.03759765625,-0.244140625
600,-0.2734375,-0.23046875,0.78515625,0.8627596699237134,-4.0283203125,1.0986328125,-0.244140625
601,-0.2734375,-0.21875,0.7734375,0.8490142491810724,-4.150390625,1.15966796875,-0.18310546875
602,-0.296875,-0.2265625,0.78125,0.8659196813395859,-4.150390625,1.28173828125,-0.244140625
603,-0.27734375,-0.234375,0.78125,0.8615119028713779,-4.0283203125,1.3427734375,-0.3662109375
604,-0.28125,-0.2265625,0.77734375,0.8571437654036297,-3.96728515625,1.3427734375,-0.3662109375
605,-0.28515625,-0.234375,0.77734375,0.8605283453803977,-4.0283203125,1.3427734375,-0.30517578125
606,-0.27734375,-0.23046875,0.7734375,0.8533703573460206,-4.150390625,1.3427734375,-0.3662109375
607,-0.28125,-0.234375,0.7890625,0.8698579378445943,-4.2724609375,1.3427734375,-0.3662109375
608,-0.2734375,-0.23046875,0.78125,0.8592063044652387,-4.39453125,1.28173828125,-0.48828125
609,-0.27734375,-0.2265625,0.78125,0.8594193880581893,-4.5166015625,1.28173828125,-0.42724609375
610,-0.29296875,-0.22265625,0.765625,0.8494634393342806,-4.82177734375,1.28173828125,-0.42724609375
611,-0.2890625,-0.2265625,0.77734375,0.8597389144249331,-5.06591796875,1.3427734375,-0.54931640625
612,-0.29296875,-0.22265625,0.7734375,0.8565115647478877,-5.2490234375,1.3427734375,-0.54931640625
613,-0.28515625,-0.234375,0.7734375,0.8570013383567803,-5.4931640625,1.28173828125,-0.48828125
614,-0.2890625,-0.23828125,0.77734375,0.8629011465236762,-5.7373046875,1.220703125,-0.48828125
615,-0.2734375,-0.234375,0.76953125,0.8496340693250315,-5.859375,1.15966796875,-0.42724609375
616,-0.28515625,-0.22265625,0.7734375,0.8538708678625679,-6.103515625,1.3427734375,-0.3662109375
617,-0.28515625,-0.2265625,0.78515625,0.8655142923339713,-6.34765625,1.40380859375,-0.3662109375
618,-0.2890625,-0.2265625,0.78125,0.8632724122850793,-6.40869140625,1.46484375,-0.30517578125
619,-0.2890625,-0.23828125,0.78125,0.8664217480579608,-6.7138671875,1.64794921875,-0.244140625
620,-0.28515625,-0.21875,0.77734375,0.8564046678283141,-6.8359375,1.708984375,-0.18310546875
621,-0.28515625,-0.21875,0.77734375,0.8564046678283141,-6.9580078125,1.953125,-0.1220703125
622,-0.28515625,-0.2265625,0.765625,0.8478362424108281,-7.01904296875,2.01416015625,0.0
623,-0.2890625,-0.234375,0.7734375,0.8583089979357668,-6.89697265625,1.89208984375,0.1220703125
624,-0.27734375,-0.23828125,0.77734375,0.8590464570846489,-7.01904296875,1.8310546875,0.18310546875
625,-0.2890625,-0.22265625,0.76953125,0.8516520881773701,-6.7138671875,1.708984375,0.18310546875
626,-0.2890625,-0.2265625,0.78125,0.8632724122850793,-6.40869140625,1.52587890625,0.244140625
627,-0.26953125,-0.23046875,0.7734375,0.8508633884821787,-6.04248046875,1.3427734375,0.244140625
628,-0.2734375,-0.24609375,0.77734375,0.8599962243285577,-5.92041015625,1.220703125,0.244140625
629,-0.2734375,-0.23046875,0.76953125,0.8485648212478378,-5.55419921875,1.03759765625,0.18310546875
630,-0.28125,-0.23828125,0.76953125,0.8532630668956234,-5.37109375,0.8544921875,0.18310546875
631,-0.2890625,-0.22265625,0.7734375,0.8551833142528931,-4.94384765625,0.79345703125,0.1220703125
632,-0.2890625,-0.23046875,0.7734375,0.8572505701596602,-4.638671875,0.732421875,0.06103515625
633,-0.27734375,-0.234375,0.765625,0.8473681826184309,-4.2724609375,0.732421875,0.06103515625
634,-0.27734375,-0.2265625,0.77734375,0.8558699829614163,-4.08935546875,0.732421875,0.06103515625
635,-0.28515625,-0.23046875,0.7734375,0.8559412935750179,-3.96728515625,0.79345703125,0.06103515625
636,-0.28125,-0.22265625,0.76953125,0.8490322213500645,-3.7841796875,0.91552734375,0.0
637,-0.28515625,-0.25390625,0.7578125,0.8485648212478378,-3.72314453125,0.9765625,-0.06103515625
638,-0.29296875,-0.22265625,0.76953125,0.852985837436465,-3.5400390625,1.0986328125,-0.1220703125
639,-0.29296875,-0.2265625,0.7734375,0.8575353178085802,-3.41796875,1.15966796875,-0.1220703125
640,-0.28125,-0.234375,0.77734375,0.8592418220670258,-3.41796875,1.15966796875,-0.18310546875
641,-0.28515625,-0.234375,0.7734375,0.8570013383567803,-3.47900390625,1.28173828125,-0.244140625
642,-0.2890625,-0.23828125,0.7734375,0.859383877795053,-3.47900390625,1.220703125,-0.18310546875
643,-0.2890625,-0.2421875,0.77734375,0.863987974295107,-3.35693359375,1.3427734375,-0.18310546875
644,-0.296875,-0.234375,0.78125,0.8679965257706969,-3.2958984375,1.3427734375,-0.244140625
645,-0.28125,-0.23046875,0.78125,0.8617244163458306,-3.173828125,1.3427734375,-0.30517578125
646,-0.28515625,-0.23828125,0.77734375,0.8616004565224461,-3.11279296875,1.28173828125,-0.30517578125
647,-0.27734375,-0.23046875,0.77734375,0.8569123094311853,-2.9296875,1.220703125,-0.30517578125
648,-0.2890625,-0.2421875,0.7734375,0.860475148083168,-2.8076171875,1.220703125,-0.3662109375
649,-0.2734375,-0.24609375,0.77734375,0.8599962243285577,-2.685546875,1.220703125,-0.30517578125
650,-0.2890625,-0.23046875,0.77734375,0.860776555963785,-2.685546875,1.15966796875,-0.3662109375
651,-0.28515625,-0.22265625,0.76953125,0.8503341915415888,-2.50244140625,1.03759765625,-0.30517578125
652,-0.27734375,-0.234375,0.77734375,0.8579711544994535,-2.3193359375,1.15966796875,-0.30517578125
653,-0.28125,-0.2265625,0.765625,0.846530430363404,-2.25830078125,1.03759765625,-0.244140625
654,-0.28515625,-0.22265625,0.7734375,0.8538708678625679,-2.25830078125,0.9765625,-0.30517578125
655,-0.27734375,-0.24609375,0.765625,0.8506840365718197,-2.01416015625,0.9765625,-0.30517578125
656,-0.2890625,-0.21875,0.77734375,0.8577132370846987,-1.89208984375,0.91552734375,-0.18310546875
657,-0.2890625,-0.23046875,0.7734375,0.8572505701596602,-1.8310546875,0.8544921875,-0.244140625
658,-0.27734375,-0.234375,0.7734375,0.8544335917409337,-1.953125,0.91552734375,-0.244140625
659,-0.28515625,-0.234375,0.77734375,0.8605283453803977,-2.01416015625,0.91552734375,-0.244140625
660,-0.28515625,-0.23046875,0.78125,0.8630072387533172,-1.953125,0.91552734375,-0.244140625
661,-0.29296875,-0.23046875,0.78125,0.8656200642909827,-1.953125,0.91552734375,-0.244140625
662,-0.2578125,-0.234375,0.7734375,0.8482950501962746,-1.953125,0.91552734375,-0.244140625
663,-0.28515625,-0.2265625,0.76171875,0.8443104330883724,-1.89208984375,0.8544921875,-0.18310546875
664,-0.27734375,-0.23046875,0.765625,0.8462960717240894,-1.77001953125,0.8544921875,-0.244140625
665,-0.29296875,-0.22265625,0.765625,0.8494634393342806,-1.77001953125,0.8544921875,-0.244140625
666,-0.28125,-0.23046875,0.765625,0.8475842423332105,-1.77001953125,0.79345703125,-0.1220703125
667,-0.28125,-0.2265625,0.78125,0.8606879175440132,-1.77001953125,0.79345703125,-0.18310546875
668,-0.27734375,-0.2265625,0.78125,0.8594193880581893,-1.708984375,0.79345703125,-0.18310546875
669,-0.28515625,-0.22265625,0.77734375,0.8574107523481307,-1.5869140625,0.67138671875,-0.18310546875
670,-0.28125,-0.23046875,0.76953125,0.8511144176625872,-1.5869140625,0.67138671875,-0.1220703125
671,-0.28515625,-0.234375,0.78125,0.8640586149324955,-1.64794921875,0.6103515625,-0.06103515625
672,-0.28515625,-0.23046875,0.7734375,0.8559412935750179,-1.708984375,0.67138671875,0.0
673,-0.28515625,-0.2265625,0.77734375,0.858433433053708,-1.708984375,0.6103515625,-0.06103515625
674,-0.29296875,-0.22265625,0.77734375,0.8600405803243749,-1.5869140625,0.6103515625,-0.06103515625
675,-0.28515625,-0.2265625,0.76953125,0.8513653728258361,-1.52587890625,0.54931640625,-0.18310546875
676,-0.296875,-0.2265625,0.78125,0.8659196813395859,-1.3427734375,0.54931640625,-0.18310546875
677,-0.28125,-0.234375,0.7734375,0.855709512352907,-1.220703125,0.6103515625,-0.244140625
678,-0.28125,-0.2421875,0.765625,0.8508454549924152,-0.91552734375,0.67138671875,-0.244140625
679,-0.296875,-0.2265625,0.78515625,0.8694456101133138,-0.8544921875,0.67138671875,-0.30517578125
680,-0.2890625,-0.23046875,0.77734375,0.860776555963785,-0.732421875,0.79345703125,-0.244140625
681,-0.28515625,-0.22265625,0.7578125,0.839743816728873,-0.67138671875,0.79345703125,-0.244140625
682,-0.2890625,-0.21484375,0.76953125,0.8496430489016402,-0.6103515625,0.67138671875,-0.244140625
683,-0.27734375,-0.23046875,0.77734375,0.8569123094311853,-0.6103515625,0.67138671875,-0.30517578125
684,-0.2734375,-0.23046875,0.7734375,0.8521088413689079,-0.8544921875,0.79345703125,-0.18310546875
685,-0.29296875,-0.23046875,0.76953125,0.8550584061511164,-0.8544921875,0.79345703125,-0.18310546875
686,-0.28125,-0.2265625,0.78125,0.8606879175440132,-0.9765625,0.6103515625,-0.30517578125
687,-0.28125,-0.234375,0.78125,0.8627773557674077,-1.15966796875,0.67138671875,-0.244140625
688,-0.2890625,-0.23046875,0.77734375,0.860776555963785,-1.220703125,0.6103515625,-0.30517578125
689,-0.27734375,-0.24609375,0.76953125,0.8542014014151976,-1.3427734375,0.54931640625,-0.3662109375
690,-0.28125,-0.2265625,0.78125,0.8606879175440132,-1.28173828125,0.54931640625,-0.42724609375
691,-0.28125,-0.23046875,0.7734375,0.8546478652830138,-1.28173828125,0.42724609375,-0.3662109375
692,-0.2890625,-0.22265625,0.78125,0.8622554708845358,-1.3427734375,0.244140625,-0.30517578125
693,-0.2890625,-0.2265625,0.78125,0.8632724122850793,-1.52587890625,0.30517578125,-0.244140625
694,-0.28125,-0.21875,0.78125,0.8586644790021304,-1.64794921875,0.244140625,-0.1220703125
695,-0.2734375,-0.2265625,0.78515625,0.8617244163458306,-1.89208984375,0.30517578125,-0.06103515625
696,-0.28125,-0.21875,0.77734375,0.8551119404288906,-2.13623046875,0.42724609375,-0.06103515625
697,-0.28125,-0.22265625,0.7890625,0.8667739019319355,-2.197265625,0.6103515625,-0.06103515625
698,-0.28125,-0.234375,0.76953125,0.8521804667155676,-2.0751953125,0.79345703125,-0.06103515625
699,-0.28125,-0.22265625,0.7578125,0.8384254011659669,-1.89208984375,0.91552734375,-0.06103515625
700,-0.27734375,-0.23046875,0.78125,0.860457414919893,-1.64794921875,1.0986328125,-0.06103515625
701,-0.28515625,-0.23046875,0.77734375,0.8594726507019799,-1.28173828125,1.220703125,-0.06103515625
702,-0.27734375,-0.2265625,0.78125,0.8594193880581893,-0.9765625,1.0986328125,0.0
703,-0.28515625,-0.234375,0.7734375,0.8570013383567803,-0.79345703125,1.0986328125,0.0
704,-0.28125,-0.234375,0.765625,0.8486547258750169,-0.79345703125,0.9765625,-0.18310546875
705,-0.2890625,-0.23046875,0.77734375,0.860776555963785,-1.03759765625,0.9765625,-0.18310546875
706,-0.2890625,-0.23828125,0.7734375,0.859383877795053,-1.220703125,1.03759765625,-0.244140625
707,-0.27734375,-0.22265625,0.78125,0.8583978820035176,-1.40380859375,1.0986328125,-0.30517578125
708,-0.28125,-0.2265625,0.77734375,0.8571437654036297,-1.64794921875,1.220703125,-0.3662109375
709,-0.28125,-0.2265625,0.78515625,0.8642351912646884,-1.708984375,1.3427734375,-0.244140625
710,-0.27734375,-0.2421875,0.78125,0.8636700199267731,-1.52587890625,1.40380859375,-0.1220703125
711,-0.28515625,-0.24609375,0.7890625,0.8743545331325131,-1.0986328125,1.28173828125,-0.06103515625
712,-0.2890625,-0.2265625,0.76953125,0.8526816756791848,-0.6103515625,1.28173828125,0.0
713,-0.28515625,-0.23046875,0.7734375,0.8559412935750179,-0.18310546875,1.15966796875,0.0
714,-0.27734375,-0.21875,0.76953125,0.8467286831628092,0.48828125,1.15966796875,0.0
715,-0.2890625,-0.2265625,0.765625,0.8491580158824976,0.91552734375,1.220703125,0.06103515625
716,-0.2890625,-0.2265625,0.765625,0.8491580158824976,1.15966796875,1.15966796875,0.0
717,-0.2890625,-0.2265625,0.7734375,0.8562086554799303,1.40380859375,0.9765625,-0.06103515625
718,-0.296875,-0.21484375,0.765625,0.8488075418868888,1.220703125,0.91552734375,-0.1220703125
719,-0.29296875,-0.2265625,0.7421875,0.8294597880783989,0.91552734375,0.67138671875,-0.06103515625
720,-0.2890625,-0.21875,0.7734375,0.8541746061622881,0.42724609375,0.6103515625,-0.18310546875
721,-0.27734375,-0.21484375,0.78515625,0.8599696096329146,-0.1220703125,0.3662109375,-0.3662109375
722,-0.27734375,-0.22265625,0.78125,0.8583978820035176,-0.67138671875,0.30517578125,-0.3662109375
723,-0.28125,-0.2265625,0.78515625,0.8642351912646884,-1.03759765625,0.3662109375,-0.42724609375
724,-0.26953125,-0.21875,0.7734375,0.8477642500322908,-1.40380859375,0.3662109375,-0.3662109375
725,-0.27734375,-0.21875,0.78125,0.8573929558050162,-1.708984375,0.42724609375,-0.48828125
726,-0.28125,-0.22265625,0.78515625,0.8632193840954483,-1.89208984375,0.48828125,-0.42724609375
727,-0.2734375,-0.22265625,0.79296875,0.8678382974649569,-2.25830078125,0.6103515625,-0.42724609375
728,-0.28125,-0.2265625,0.7890625,0.8677855482851163,-2.38037109375,0.6103515625,-0.3662109375
729,-0.27734375,-0.21875,0.7734375,0.8502803564532774,-2.38037109375,0.48828125,-0.42724609375
730,-0.27734375,-0.2265625,0.77734375,0.8558699829614163,-2.25830078125,0.6103515625,-0.54931640625
731,-0.2890625,-0.21875,0.78125,0.8612550457943629,-2.13623046875,0.48828125,-0.48828125
732,-0.27734375,-0.22265625,0.78515625,0.8619545801503624,-1.89208984375,0.54931640625,-0.42724609375
733,-0.2734375,-0.23046875,0.76953125,0.8485648212478378,-1.77001953125,0.42724609375,-0.54931640625
734,-0.29296875,-0.22265625,0.77734375,0.8600405803243749,-1.46484375,0.244140625,-0.48828125
735,-0.27734375,-0.21875,0.78515625,0.8609538054263568,-1.3427734375,0.1220703125,-0.54931640625
736,-0.2890625,-0.21875,0.77734375,0.8577132370846987,-1.3427734375,0.18310546875,-0.54931640625
737,-0.28515625,-0.2109375,0.78125,0.8579978311862522,-1.3427734375,0.18310546875,-0.54931640625
738,-0.2734375,-0.22265625,0.78515625,0.8607056459582306,-1.89208984375,-0.06103515625,-0.244140625
739,-0.30078125,-0.22265625,0.78515625,0.8697789966018308,-1.8310546875,0.244140625,-0.06103515625
740,-0.2890625,-0.22265625,0.78515625,0.8657963221707372,-1.8310546875,0.30517578125,-0.244140625
741,-0.296875,-0.20703125,0.78125,0.8610158341177951,-2.25830078125,0.30517578125,-0.30517578125
742,-0.29296875,-0.21484375,0.78515625,0.8651351699617161,-2.86865234375,0.18310546875,-0.30517578125
743,-0.29296875,-0.21875,0.78515625,0.866113495963794,-3.47900390625,0.0,-0.18310546875
744,-0.29296875,-0.21484375,0.77734375,0.8580511820717267,-4.39453125,-0.06103515625,-0.1220703125
745,-0.29296875,-0.21875,0.7890625,0.8696561848700971,-5.06591796875,0.0,-0.06103515625
746,-0.296875,-0.21875,0.78515625,0.8674426004290212,-5.79833984375,0.0,0.06103515625
747,-0.29296875,-0.22265625,0.78125,0.8635728438531546,-6.40869140625,-0.30517578125,0.18310546875
748,-0.296875,-0.22265625,0.78515625,0.8684358975785864,-6.89697265625,-0.3662109375,0.244140625
749,-0.28515625,-0.21875,0.79296875,0.8706119042895204,-7.080078125,-0.3662109375,0.244140625
750,-0.27734375,-0.2265625,0.7734375,0.8523236993516973,-7.26318359375,-0.18310546875,0.1220703125
751,-0.28125,-0.22265625,0.76953125,0.8490322213500645,-7.32421875,0.1220703125,0.18310546875
752,-0.2890625,-0.22265625,0.78125,0.8622554708845358,-7.26318359375,0.30517578125,0.244140625
753,-0.27734375,-0.22265625,0.7734375,0.8512936788995763,-7.2021484375,0.3662109375,0.18310546875
754,-0.28125,-0.234375,0.76171875,0.8451323311923183,-7.50732421875,0.6103515625,0.30517578125
755,-0.26953125,-0.23046875,0.76171875,0.8402252040701276,-7.080078125,0.79345703125,0.48828125
756,-0.2734375,-0.23828125,0.76953125,0.850719909978822,-6.28662109375,0.79345703125,0.48828125
757,-0.29296875,-0.23046875,0.765625,0.851544581233493,-5.18798828125,0.67138671875,0.54931640625
758,-0.27734375,-0.234375,0.765625,0.8473681826184309,-4.39453125,0.3662109375,0.42724609375
759,-0.27734375,-0.234375,0.75,0.8332773825618108,-3.96728515625,-0.06103515625,0.30517578125
760,-0.2734375,-0.23046875,0.7421875,0.8238484061337149,-3.60107421875,-0.3662109375,0.1220703125
761,-0.265625,-0.23828125,0.7578125,0.8376242474300828,-3.35693359375,-0.732421875,0.1220703125
762,-0.27734375,-0.2265625,0.76953125,0.8487805763546166,-3.0517578125,-1.03759765625,0.06103515625
763,-0.265625,-0.22265625,0.76953125,0.8439850656354204,-2.86865234375,-1.220703125,0.06103515625
764,-0.28125,-0.23046875,0.7734375,0.8546478652830138,-2.8076171875,-1.03759765625,-0.06103515625
765,-0.27734375,-0.2421875,0.78125,0.8636700199267731,-2.86865234375,-0.732421875,-0.18310546875
766,-0.27734375,-0.234375,0.7734375,0.8544335917409337,-2.8076171875,-0.3662109375,-0.244140625
767,-0.2734375,-0.234375,0.77734375,0.8567164132286206,-2.685546875,-0.06103515625,-0.30517578125
768,-0.28125,-0.234375,0.78515625,0.8663160739816979,-2.5634765625,0.18310546875,-0.244140625
769,-0.28125,-0.234375,0.78515625,0.8663160739816979,-2.50244140625,0.54931640625,-0.244140625
770,-0.28515625,-0.23828125,0.78515625,0.8686555001435767,-2.38037109375,0.6103515625,-0.30517578125
771,-0.28515625,-0.23046875,0.78125,0.8630072387533172,-2.3193359375,0.732421875,-0.30517578125
772,-0.28125,-0.234375,0.78515625,0.8663160739816979,-2.25830078125,0.8544921875,-0.42724609375
773,-0.26953125,-0.23046875,0.77734375,0.8544157331868295,-2.3193359375,0.732421875,-0.42724609375
774,-0.28515625,-0.22265625,0.76953125,0.8503341915415888,-2.38037109375,0.79345703125,-0.48828125
775,-0.28125,-0.2265625,0.77734375,0.8571437654036297,-2.5634765625,0.67138671875,-0.48828125
776,-0.28515625,-0.2265625,0.76953125,0.8513653728258361,-2.74658203125,0.54931640625,-0.54931640625
777,-0.28125,-0.22265625,0.7890625,0.8667739019319355,-2.86865234375,0.6103515625,-0.6103515625
778,-0.28515625,-0.21875,0.7734375,0.8528606074970941,-3.0517578125,0.42724609375,-0.6103515625
779,-0.28515625,-0.22265625,0.7734375,0.8538708678625679,-3.11279296875,0.42724609375,-0.67138671875
780,-0.28515625,-0.21875,0.765625,0.8457820582390374,-3.23486328125,0.48828125,-0.67138671875
781,-0.29296875,-0.2265625,0.78125,0.8645882357416231,-3.2958984375,0.6103515625,-0.67138671875
782,-0.28125,-0.2265625,0.78125,0.8606879175440132,-3.173828125,0.79345703125,-0.732421875
783,-0.2734375,-0.23828125,0.765625,0.847188090764272,-3.0517578125,0.732421875,-0.67138671875
784,-0.2890625,-0.2265625,0.78125,0.8632724122850793,-2.62451171875,0.91552734375,-0.79345703125
785,-0.27734375,-0.2265625,0.7734375,0.8523236993516973,-2.25830078125,0.9765625,-0.732421875
786,-0.28125,-0.21875,0.7734375,0.8515625,-1.708984375,1.03759765625,-0.732421875
787,-0.265625,-0.23046875,0.78125,0.8567520340516049,-1.52587890625,1.0986328125,-0.79345703125
788,-0.2890625,-0.22265625,0.7734375,0.8551833142528931,-1.40380859375,1.15966796875,-0.732421875
789,-0.26953125,-0.23046875,0.7890625,0.8650910751818995,-1.28173828125,1.0986328125,-0.732421875
790,-0.2734375,-0.2265625,0.7734375,0.8510606319286247,-1.46484375,0.9765625,-0.67138671875
791,-0.26953125,-0.21875,0.79296875,0.8656200642909827,-1.5869140625,0.91552734375,-0.54931640625
792,-0.26953125,-0.22265625,0.7734375,0.8487805763546166,-1.77001953125,0.732421875,-0.48828125
793,-0.28515625,-0.21875,0.77734375,0.8564046678283141,-1.64794921875,0.8544921875,-0.42724609375
794,-0.27734375,-0.203125,0.78125,0.853540206310788,-1.64794921875,0.8544921875,-0.54931640625
795,-0.28125,-0.22265625,0.77734375,0.856119544122271,-1.77001953125,0.732421875,-0.54931640625
796,-0.2734375,-0.22265625,0.78515625,0.8607056459582306,-1.953125,0.732421875,-0.54931640625
797,-0.27734375,-0.2265625,0.7890625,0.8665274092471412,-2.25830078125,0.732421875,-0.54931640625
798,-0.26953125,-0.2265625,0.78515625,0.8604928808809954,-2.25830078125,0.67138671875,-0.48828125
799,-0.27734375,-0.22265625,0.78515625,0.8619545801503624,-2.3193359375,0.8544921875,-0.42724609375
800,-0.28515625,-0.22265625,0.78125,0.8609538054263568,-2.44140625,0.79345703125,-0.42724609375
801,-0.2734375,-0.21484375,0.77734375,0.8515804183894643,-2.50244140625,0.8544921875,-0.244140625
802,-0.29296875,-0.2109375,0.78125,0.8606258652183377,-2.62451171875,0.8544921875,-0.30517578125
803,-0.28125,-0.21875,0.7734375,0.8515625,-2.685546875,0.79345703125,-0.1220703125
804,-0.26953125,-0.22265625,0.77734375,0.8523416017388142,-2.74658203125,0.79345703125,-0.1220703125
805,-0.2734375,-0.22265625,0.78515625,0.8607056459582306,-2.9296875,0.732421875,-0.18310546875
806,-0.2734375,-0.22265625,0.78515625,0.8607056459582306,-3.11279296875,0.732421875,-0.1220703125
807,-0.2734375,-0.22265625,0.765625,0.842926754051212,-3.173828125,0.732421875,-0.1220703125
808,-0.2734375,-0.2265625,0.78125,0.858166764278657,-3.2958984375,0.732421875,-0.06103515625
809,-0.27734375,-0.2265625,0.78125,0.8594193880581893,-3.35693359375,0.67138671875,-0.06103515625
810,-0.27734375,-0.21875,0.77734375,0.8538351268413154,-3.47900390625,0.732421875,0.0
811,-0.2890625,-0.2265625,0.78125,0.8632724122850793,-3.60107421875,0.79345703125,0.0
812,-0.28125,-0.2265625,0.78515625,0.8642351912646884,-3.662109375,0.79345703125,0.0
813,-0.27734375,-0.21875,0.76953125,0.8467286831628092,-3.72314453125,0.67138671875,0.06103515625
814,-0.27734375,-0.2265625,0.77734375,0.8558699829614163,-3.72314453125,0.67138671875,0.06103515625
815,-0.26953125,-0.22265625,0.7734375,0.8487805763546166,-3.7841796875,0.732421875,0.1220703125
816,-0.28125,-0.2109375,0.7734375,0.8495891700183683,-3.84521484375,0.79345703125,0.06103515625
817,-0.28515625,-0.23046875,0.76953125,0.8524132075274218,-3.90625,0.732421875,0.1220703125
818,-0.28125,-0.21875,0.7734375,0.8515625,-3.96728515625,0.67138671875,0.0
819,-0.28515625,-0.21484375,0.7734375,0.8518670613624962,-3.96728515625,0.67138671875,0.0
820,-0.27734375,-0.2265625,0.7734375,0.8523236993516973,-3.90625,0.67138671875,0.0
821,-0.28515625,-0.2265625,0.7734375,0.8548977832036778,-3.7841796875,0.67138671875,-0.06103515625
822,-0.265625,-0.23046875,0.78125,0.8567520340516049,-3.84521484375,0.6103515625,-0.1220703125
823,-0.2890625,-0.22265625,0.78125,0.8622554708845358,-3.90625,0.54931640625,-0.06103515625
824,-0.2890625,-0.21875,0.76953125,0.8506391926856018,-3.7841796875,0.6103515625,-0.06103515625
825,-0.2734375,-0.23046875,0.765625,0.8450239947822857,-3.7841796875,0.6103515625,0.0
826,-0.28125,-0.22265625,0.78515625,0.8632193840954483,-3.7841796875,0.67138671875,-0.06103515625
827,-0.27734375,-0.23046875,0.7734375,0.8533703573460206,-3.5400390625,0.732421875,-0.1220703125
828,-0.2734375,-0.2265625,0.7890625,0.8652850754050656,-3.5400390625,0.79345703125,-0.18310546875
829,-0.27734375,-0.2265625,0.78515625,0.8629718761259692,-3.47900390625,0.732421875,-0.18310546875
830,-0.27734375,-0.22265625,0.78125,0.8583978820035176,-3.35693359375,0.732421875,-0.244140625
831,-0.28515625,-0.2265625,0.78125,0.861972282512792,-3.2958984375,0.79345703125,-0.244140625
832,-0.27734375,-0.23046875,0.77734375,0.8569123094311853,-3.23486328125,0.732421875,-0.30517578125
833,-0.28125,-0.21875,0.78515625,0.862220077424588,-3.2958984375,0.732421875,-0.30517578125
834,-0.28515625,-0.23046875,0.7734375,0.8559412935750179,-3.23486328125,0.732421875,-0.30517578125
835,-0.27734375,-0.22265625,0.76953125,0.8477462509823842,-3.11279296875,0.79345703125,-0.3662109375
836,-0.28515625,-0.23046875,0.76953125,0.8524132075274218,-2.99072265625,0.79345703125,-0.42724609375
837,-0.2890625,-0.2265625,0.7734375,0.8562086554799303,-2.86865234375,0.732421875,-0.42724609375
838,-0.2734375,-0.23046875,0.78125,0.8592063044652387,-2.86865234375,0.79345703125,-0.42724609375
839,-0.26953125,-0.234375,0.76953125,0.8483849834114964,-2.86865234375,0.732421875,-0.42724609375
840,-0.2734375,-0.234375,0.77734375,0.8567164132286206,-2.8076171875,0.79345703125,-0.30517578125
841,-0.2890625,-0.2265625,0.77734375,0.8597389144249331,-2.8076171875,0.79345703125,-0.3662109375
842,-0.27734375,-0.234375,0.78125,0.8615119028713779,-2.8076171875,0.8544921875,-0.3662109375
843,-0.28125,-0.2265625,0.78125,0.8606879175440132,-2.74658203125,0.79345703125,-0.3662109375
844,-0.26953125,-0.2265625,0.78125,0.8569301159562619,-2.86865234375,0.8544921875,-0.3662109375
845,-0.2734375,-0.2265625,0.7890625,0.8652850754050656,-2.86865234375,0.9765625,-0.42724609375
846,-0.27734375,-0.2265625,0.78125,0.8594193880581893,-2.86865234375,1.0986328125,-0.3662109375
847,-0.28515625,-0.22265625,0.77734375,0.8574107523481307,-2.86865234375,1.0986328125,-0.3662109375
848,-0.28125,-0.22265625,0.7734375,0.852574298563071,-2.8076171875,1.0986328125,-0.48828125
849,-0.28125,-0.22265625,0.76953125,0.8490322213500645,-2.685546875,1.15966796875,-0.42724609375
850,-0.28125,-0.2265625,0.7734375,0.8536027737258707,-2.685546875,1.220703125,-0.3662109375
851,-0.28125,-0.2265625,0.7734375,0.8536027737258707,-2.74658203125,1.220703125,-0.30517578125
852,-0.2734375,-0.22265625,0.78125,0.8571437654036297,-2.62451171875,1.0986328125,-0.244140625
853,-0.28125,-0.23046875,0.78125,0.8617244163458306,-2.5634765625,1.0986328125,-0.3662109375
854,-0.28125,-0.2265625,0.78515625,0.8642351912646884,-2.5634765625,0.9765625,-0.42724609375
855,-0.26953125,-0.22265625,0.796875,0.8701911663626706,-2.62451171875,0.91552734375,-0.3662109375
856,-0.27734375,-0.22265625,0.78125,0.8583978820035176,-2.5634765625,0.9765625,-0.3662109375
857,-0.27734375,-0.23046875,0.78125,0.860457414919893,-2.50244140625,0.8544921875,-0.30517578125
858,-0.27734375,-0.22265625,0.77734375,0.8548442355143933,-2.50244140625,0.8544921875,-0.244140625
859,-0.28515625,-0.23046875,0.77734375,0.8594726507019799,-2.50244140625,0.732421875,-0.30517578125
860,-0.28125,-0.234375,0.78125,0.8627773557674077,-2.5634765625,0.79345703125,-0.18310546875
861,-0.28125,-0.23046875,0.7734375,0.8546478652830138,-2.685546875,0.8544921875,-0.244140625
862,-0.2734375,-0.2265625,0.78515625,0.8617244163458306,-2.8076171875,0.79345703125,-0.18310546875
863,-0.28515625,-0.22265625,0.77734375,0.8574107523481307,-2.9296875,0.8544921875,-0.18310546875
864,-0.28515625,-0.2265625,0.78515625,0.8655142923339713,-2.9296875,0.8544921875,-0.18310546875
865,-0.28125,-0.22265625,0.78125,0.8596679188291619,-2.99072265625,0.9765625,-0.18310546875
866,-0.27734375,-0.23046875,0.78125,0.860457414919893,-3.0517578125,1.0986328125,-0.1220703125
867,-0.28125,-0.234375,0.78515625,0.8663160739816979,-2.9296875,1.0986328125,-0.1220703125
868,-0.28515625,-0.23046875,0.76953125,0.8524132075274218,-2.86865234375,1.0986328125,-0.1220703125
869,-0.28515625,-0.2265625,0.78125,0.861972282512792,-2.74658203125,1.0986328125,-0.1220703125
870,-0.2890625,-0.2265625,0.7734375,0.8562086554799303,-2.62451171875,0.9765625,-0.18310546875
871,-0.28125,-0.23046875,0.78515625,0.8652674408185165,-2.74658203125,1.0986328125,-0.1220703125
872,-0.2734375,-0.2265625,0.7890625,0.8652850754050656,-2.8076171875,1.0986328125,-0.1220703125
873,-0.26953125,-0.23046875,0.78515625,0.8615296143297615,-2.9296875,1.0986328125,-0.06103515625
874,-0.28515625,-0.21875,0.7734375,0.8528606074970941,-3.11279296875,1.03759765625,-0.1220703125
875,-0.27734375,-0.2265625,0.78125,0.8594193880581893,-3.2958984375,1.03759765625,-0.06103515625
876,-0.27734375,-0.23046875,0.7734375,0.8533703573460206,-3.47900390625,1.15966796875,-0.1220703125
877,-0.28125,-0.2421875,0.765625,0.8508454549924152,-3.662109375,1.0986328125,-0.18310546875
878,-0.2734375,-0.23046875,0.76171875,0.8414864022872711,-3.60107421875,1.15966796875,-0.1220703125
879,-0.2734375,-0.22265625,0.77734375,0.8535848977895374,-3.47900390625,1.0986328125,-0.1220703125
880,-0.28125,-0.2265625,0.78515625,0.8642351912646884,-3.35693359375,1.0986328125,-0.18310546875
881,-0.28515625,-0.21875,0.77734375,0.8564046678283141,-3.23486328125,1.0986328125,-0.18310546875
882,-0.2890625,-0.2265625,0.7890625,0.8703489669200223,-3.23486328125,1.03759765625,-0.06103515625
883,-0.27734375,-0.234375,0.77734375,0.8579711544994535,-3.23486328125,0.9765625,0.0
884,-0.28125,-0.22265625,0.77734375,0.856119544122271,-3.2958984375,0.8544921875,0.06103515625
885,-0.28515625,-0.21875,0.76953125,0.8493197243327303,-3.173828125,0.732421875,-0.06103515625
886,-0.28125,-0.2265625,0.77734375,0.8571437654036297,-2.8076171875,0.67138671875,-0.06103515625
887,-0.2890625,-0.23046875,0.76953125,0.8537278947998449,-2.44140625,0.54931640625,-0.06103515625
888,-0.26953125,-0.22265625,0.76953125,0.845222600926636,-2.0751953125,0.30517578125,-0.06103515625
889,-0.27734375,-0.23046875,0.765625,0.8462960717240894,-1.708984375,0.3662109375,-0.18310546875
890,-0.2890625,-0.21875,0.7734375,0.8541746061622881,-1.52587890625,0.244140625,-0.1220703125
891,-0.28125,-0.22265625,0.76953125,0.8490322213500645,-1.46484375,0.3662109375,-0.1220703125
892,-0.26953125,-0.23046875,0.7734375,0.8508633884821787,-1.46484375,0.3662109375,-0.244140625
893,-0.28125,-0.23046875,0.77734375,0.8581845447749714,-1.52587890625,0.54931640625,-0.30517578125
894,-0.28125,-0.2265625,0.7734375,0.8536027737258707,-1.8310546875,0.732421875,-0.3662109375
895,-0.2734375,-0.23046875,0.7734375,0.8521088413689079,-2.01416015625,0.9765625,-0.3662109375
896,-0.27734375,-0.24609375,0.78125,0.8647735263947001,-2.3193359375,1.220703125,-0.3662109375
897,-0.28125,-0.2421875,0.78125,0.8649323153612947,-2.685546875,1.40380859375,-0.3662109375
898,-0.28125,-0.234375,0.80078125,0.8805020235505211,-2.8076171875,1.52587890625,-0.3662109375
899,-0.2734375,-0.23828125,0.78515625,0.864879388944999,-2.685546875,1.708984375,-0.244140625
900,-0.2890625,-0.234375,0.7734375,0.8583089979357668,-2.50244140625,1.64794921875,-0.30517578125
901,-0.28125,-0.23828125,0.77734375,0.8603155364548667,-2.01416015625,1.77001953125,-0.18310546875
902,-0.28125,-0.234375,0.76953125,0.8521804667155676,-1.5869140625,1.64794921875,-0.1220703125
903,-0.27734375,-0.22265625,0.7734375,0.8512936788995763,-1.220703125,1.64794921875,-0.1220703125
904,-0.28515625,-0.2265625,0.7734375,0.8548977832036778,-1.15966796875,1.52587890625,-0.1220703125
905,-0.28125,-0.21875,0.76171875,0.8409331597110216,-1.220703125,1.40380859375,-0.1220703125
906,-0.27734375,-0.2265625,0.77734375,0.8558699829614163,-1.52587890625,1.0986328125,-0.1220703125
907,-0.28515625,-0.22265625,0.765625,0.8468007635820394,-1.953125,0.9765625,-0.1220703125
908,-0.28125,-0.2265625,0.78125,0.8606879175440132,-2.44140625,0.8544921875,-0.1220703125
909,-0.28515625,-0.21875,0.76953125,0.8493197243327303,-2.9296875,0.79345703125,-0.1220703125
910,-0.28515625,-0.22265625,0.77734375,0.8574107523481307,-3.47900390625,0.6103515625,-0.18310546875
911,-0.26171875,-0.21875,0.78515625,0.8560482483573136,-3.72314453125,0.54931640625,-0.244140625
912,-0.26953125,-0.21875,0.78515625,0.8584689826316528,-3.84521484375,0.48828125,-0.244140625
913,-0.28125,-0.21875,0.78125,0.8586644790021304,-3.84521484375,0.54931640625,-0.244140625
914,-0.28515625,-0.22265625,0.79296875,0.8716015896352458,-4.08935546875,0.732421875,-0.18310546875
915,-0.26953125,-0.2265625,0.78515625,0.8604928808809954,-4.0283203125,0.8544921875,-0.06103515625
916,-0.2734375,-0.22265625,0.77734375,0.8535848977895374,-3.90625,0.91552734375,-0.06103515625
917,-0.27734375,-0.22265625,0.77734375,0.8548442355143933,-3.7841796875,1.0986328125,0.0
918,-0.2734375,-0.21875,0.78125,0.8561373671358178,-3.60107421875,1.220703125,0.06103515625
919,-0.28515625,-0.2265625,0.78515625,0.8655142923339713,-3.23486328125,1.15966796875,0.0
920,-0.28515625,-0.22265625,0.76953125,0.8503341915415888,-2.9296875,1.15966796875,-0.06103515625
921,-0.28125,-0.21875,0.765625,0.8444730698044788,-2.62451171875,1.0986328125,-0.18310546875
922,-0.26953125,-0.23046875,0.77734375,0.8544157331868295,-2.38037109375,0.9765625,-0.18310546875
923,-0.26953125,-0.22265625,0.78515625,0.8594726507019799,-2.13623046875,0.732421875,-0.244140625
924,-0.2734375,-0.21875,0.76953125,0.8454572571294261,-2.01416015625,0.67138671875,-0.18310546875
925,-0.2734375,-0.22265625,0.7890625,0.8642705022020377,-2.0751953125,0.6103515625,-0.18310546875
926,-0.26171875,-0.2265625,0.76953125,0.843804251728074,-2.197265625,0.54931640625,-0.244140625
927,-0.28125,-0.21875,0.77734375,0.8551119404288906,-2.38037109375,0.48828125,-0.1220703125
928,-0.28125,-0.22265625,0.7890625,0.8667739019319355,-2.5634765625,0.6103515625,-0.1220703125
929,-0.27734375,-0.22265625,0.79296875,0.8690769815181435,-2.9296875,0.67138671875,-0.18310546875
930,-0.2734375,-0.234375,0.78515625,0.8638113474279627,-3.23486328125,0.67138671875,-0.244140625
931,-0.2890625,-0.2265625,0.78125,0.8632724122850793,-3.41796875,0.732421875,-0.18310546875
932,-0.26953125,-0.23046875,0.765625,0.8437680842969382,-3.662109375,0.91552734375,-0.18310546875
933,-0.2890625,-0.2265625,0.7890625,0.8703489669200223,-3.90625,1.03759765625,-0.1220703125
934,-0.29296875,-0.22265625,0.77734375,0.8600405803243749,-3.96728515625,1.0986328125,-0.18310546875
935,-0.27734375,-0.234375,0.77734375,0.8579711544994535,-4.0283203125,1.15966796875,-0.1220703125
936,-0.30078125,-0.21875,0.78125,0.865258623390465,-4.08935546875,1.15966796875,-0.1220703125
937,-0.27734375,-0.234375,0.77734375,0.8579711544994535,-4.08935546875,1.0986328125,-0.06103515625
938,-0.28125,-0.2265625,0.78125,0.8606879175440132,-4.08935546875,1.03759765625,-0.1220703125
939,-0.2734375,-0.2265625,0.78515625,0.8617244163458306,-4.21142578125,1.03759765625,-0.1220703125
940,-0.2734375,-0.234375,0.76953125,0.8496340693250315,-4.39453125,0.9765625,-0.18310546875
941,-0.2734375,-0.234375,0.7734375,0.8531736478803714,-4.33349609375,0.8544921875,-0.18310546875
942,-0.29296875,-0.2265625,0.7890625,0.8716541078828588,-4.21142578125,0.79345703125,-0.18310546875
943,-0.2734375,-0.23046875,0.765625,0.8450239947822857,-4.39453125,0.79345703125,-0.18310546875
944,-0.28125,-0.23828125,0.78125,0.86384667569052,-4.2724609375,0.79345703125,-0.1220703125
945,-0.28125,-0.22265625,0.77734375,0.856119544122271,-4.39453125,0.79345703125,-0.06103515625
946,-0.2734375,-0.23828125,0.78125,0.8613347682566939,-4.39453125,0.732421875,-0.1220703125
947,-0.29296875,-0.22265625,0.77734375,0.8600405803243749,-4.39453125,0.732421875,-0.1220703125
948,-0.28515625,-0.2265625,0.78515625,0.8655142923339713,-4.33349609375,0.6103515625,-0.18310546875
949,-0.28125,-0.23046875,0.77734375,0.8581845447749714,-4.39453125,0.6103515625,-0.244140625
950,-0.27734375,-0.23828125,0.76953125,0.8519834825230989,-4.39453125,0.54931640625,-0.30517578125
951,-0.2890625,-0.22265625,0.78125,0.8622554708845358,-4.33349609375,0.732421875,-0.30517578125
952,-0.28515625,-0.2265625,0.765625,0.8478362424108281,-4.39453125,0.732421875,-0.30517578125
953,-0.28125,-0.23046875,0.77734375,0.8581845447749714,-4.45556640625,0.79345703125,-0.30517578125
954,-0.28515625,-0.23046875,0.77734375,0.8594726507019799,-4.45556640625,0.91552734375,-0.244140625
955,-0.28515625,-0.2421875,0.77734375,0.8626889229231908,-4.2724609375,1.03759765625,-0.30517578125
956,-0.28125,-0.2421875,0.78125,0.8649323153612947,-3.96728515625,1.220703125,-0.18310546875
957,-0.26953125,-0.23046875,0.77734375,0.8544157331868295,-3.662109375,1.40380859375,-0.244140625
958,-0.2734375,-0.23828125,0.77734375,0.8577932887193015,-3.35693359375,1.46484375,-0.1220703125
959,-0.28125,-0.23046875,0.76953125,0.8511144176625872,-2.9296875,1.46484375,-0.1220703125
960,-0.26953125,-0.2265625,0.78125,0.8569301159562619,-2.685546875,1.3427734375,-0.18310546875
961,-0.28125,-0.23046875,0.78125,0.8617244163458306,-2.62451171875,1.28173828125,-0.1220703125
962,-0.28125,-0.234375,0.78125,0.8627773557674077,-2.50244140625,1.0986328125,-0.1220703125
963,-0.27734375,-0.23828125,0.76953125,0.8519834825230989,-2.50244140625,0.8544921875,-0.244140625
964,-0.27734375,-0.2265625,0.7734375,0.8523236993516973,-2.74658203125,0.732421875,-0.244140625
965,-0.2734375,-0.234375,0.76953125,0.8496340693250315,-2.86865234375,0.6103515625,-0.42724609375
966,-0.26953125,-0.2265625,0.7734375,0.8498136428294515,-2.99072265625,0.54931640625,-0.42724609375
967,-0.28125,-0.22265625,0.78125,0.8596679188291619,-3.23486328125,0.54931640625,-0.48828125
968,-0.27734375,-0.2265625,0.77734375,0.8558699829614163,-3.47900390625,0.732421875,-0.54931640625
969,-0.26953125,-0.21484375,0.78515625,0.8574819348270186,-3.60107421875,0.79345703125,-0.54931640625
970,-0.27734375,-0.23828125,0.77734375,0.8590464570846489,-3.96728515625,0.91552734375,-0.48828125
971,-0.26953125,-0.234375,0.78125,0.859028694428517,-3.96728515625,1.03759765625,-0.48828125
972,-0.28515625,-0.2265625,0.7734375,0.8548977832036778,-4.0283203125,1.15966796875,-0.54931640625
973,-0.28125,-0.2265625,0.78125,0.8606879175440132,-3.84521484375,1.220703125,-0.6103515625
974,-0.27734375,-0.23046875,0.77734375,0.8569123094311853,-3.60107421875,1.28173828125,-0.6103515625
975,-0.27734375,-0.2265625,0.7734375,0.8523236993516973,-3.35693359375,1.220703125,-0.54931640625
976,-0.265625,-0.2265625,0.7734375,0.8485828029352822,-3.173828125,1.28173828125,-0.6103515625
977,-0.27734375,-0.22265625,0.78125,0.8583978820035176,-3.173828125,1.28173828125,-0.48828125
978,-0.26953125,-0.2265625,0.78125,0.8569301159562619,-3.173828125,1.28173828125,-0.42724609375
979,-0.296875,-0.2265625,0.78125,0.8659196813395859,-3.23486328125,1.220703125,-0.3662109375
980,-0.265625,-0.23046875,0.78125,0.8567520340516049,-3.41796875,1.220703125,-0.30517578125
981,-0.27734375,-0.23046875,0.7734375,0.8533703573460206,-3.60107421875,1.15966796875,-0.3662109375
982,-0.27734375,-0.21875,0.78515625,0.8609538054263568,-3.662109375,1.0986328125,-0.30517578125
983,-0.2734375,-0.2265625,0.796875,0.8724152671964768,-3.7841796875,1.0986328125,-0.30517578125
984,-0.28125,-0.2265625,0.77734375,0.8571437654036297,-3.90625,1.0986328125,-0.30517578125
985,-0.2734375,-0.2265625,0.7890625,0.8652850754050656,-4.08935546875,1.15966796875,-0.244140625
986,-0.2734375,-0.2421875,0.78515625,0.8659637339268674,-4.0283203125,1.15966796875,-0.18310546875
987,-0.2734375,-0.23046875,0.78125,0.8592063044652387,-3.96728515625,1.0986328125,-0.1220703125
988,-0.26953125,-0.234375,0.77734375,0.8554776683325083,-3.96728515625,1.15966796875,-0.18310546875
989,-0.27734375,-0.234375,0.7734375,0.8544335917409337,-3.84521484375,1.15966796875,-0.1220703125
990,-0.28125,-0.23828125,0.765625,0.849741817981534,-3.7841796875,1.0986328125,-0.18310546875
991,-0.27734375,-0.234375,0.77734375,0.8579711544994535,-3.7841796875,1.220703125,-0.1220703125
992,-0.27734375,-0.23828125,0.78125,0.8625827915427162,-3.72314453125,1.28173828125,-0.244140625
993,-0.28515625,-0.234375,0.7734375,0.8570013383567803,-3.7841796875,1.15966796875,-0.06103515625
994,-0.28515625,-0.23828125,0.77734375,0.8616004565224461,-3.90625,1.0986328125,-0.1220703125
995,-0.28515625,-0.2265625,0.77734375,0.858433433053708,-3.84521484375,1.0986328125,-0.18310546875
996,-0.27734375,-0.22265625,0.78125,0.8583978820035176,-3.84521484375,1.15966796875,-0.30517578125
997,-0.28515625,-0.2265625,0.765625,0.8478362424108281,-3.90625,1.0986328125,-0.244140625
998,-0.27734375,-0.23046875,0.7734375,0.8533703573460206,-4.08935546875,1.15966796875,-0.244140625
999,-0.296875,-0.23046875,0.76953125,0.8564046678283141,-3.96728515625,1.0986328125,-0.244140625
1000,-0.26953125,-0.23828125,0.78125,0.8601026748755785,-3.90625,1.220703125,-0.244140625
1001,-0.27734375,-0.2265625,0.77734375,0.8558699829614163,-3.90625,1.15966796875,-0.244140625
1002,-0.28515625,-0.2265625,0.76953125,0.8513653728258361,-3.90625,1.220703125,-0.244140625
1003,-0.2734375,-0.234375,0.765625,0.8460977175576412,-3.96728515625,1.220703125,-0.18310546875
1004,-0.265625,-0.2265625,0.77734375,0.8521446547947786,-4.08935546875,1.15966796875,-0.1220703125
1005,-0.29296875,-0.23046875,0.765625,0.851544581233493,-4.0283203125,1.15966796875,-0.06103515625
1006,-0.29296875,-0.23828125,0.7578125,0.8466926406520698,-4.150390625,1.03759765625,-0.06103515625
1007,-0.2734375,-0.23828125,0.78125,0.8613347682566939,-4.33349609375,1.0986328125,0.1220703125
1008,-0.28125,-0.2265625,0.78125,0.8606879175440132,-4.638671875,0.91552734375,0.1220703125
1009,-0.28515625,-0.234375,0.7734375,0.8570013383567803,-4.8828125,0.8544921875,0.18310546875
1010,-0.28515625,-0.2265625,0.77734375,0.858433433053708,-5.06591796875,0.8544921875,0.30517578125
1011,-0.30078125,-0.2265625,0.78125,0.8672666771286744,-5.2490234375,0.91552734375,0.30517578125
1012,-0.2734375,-0.23828125,0.78125,0.8613347682566939,-5.37109375,1.0986328125,0.30517578125
1013,-0.27734375,-0.23828125,0.79296875,0.8732107123954604,-5.37109375,1.03759765625,0.42724609375
1014,-0.28125,-0.23046875,0.77734375,0.8581845447749714,-5.43212890625,1.0986328125,0.54931640625
1015,-0.27734375,-0.24609375,0.77734375,0.8612461872874605,-5.4931640625,1.15966796875,0.54931640625
1016,-0.26953125,-0.23828125,0.78515625,0.8636523523630255,-5.55419921875,1.03759765625,0.48828125
1017,-0.26953125,-0.24609375,0.77734375,0.8587622104981608,-5.43212890625,1.03759765625,0.54931640625
1018,-0.2734375,-0.234375,0.78125,0.860262325997861,-5.37109375,0.91552734375,0.42724609375
1019,-0.28125,-0.25390625,0.77734375,0.8647735263947001,-5.43212890625,0.79345703125,0.3662109375
1020,-0.29296875,-0.234375,0.7890625,0.8737173215679156,-5.43212890625,0.67138671875,0.30517578125
1021,-0.26953125,-0.24609375,0.76953125,0.8516968787322092,-5.31005859375,0.54931640625,0.244140625
1022,-0.2734375,-0.2421875,0.78125,0.8624235699831608,-5.37109375,0.732421875,0.1220703125
1023,-0.26953125,-0.24609375,0.77734375,0.8587622104981608,-5.31005859375,0.79345703125,0.1220703125
1024,-0.27734375,-0.23828125,0.77734375,0.8590464570846489,-5.18798828125,0.79345703125,0.06103515625
1025,-0.2734375,-0.23828125,0.7734375,0.8542549893995718,-5.126953125,0.8544921875,-0.06103515625
1026,-0.28515625,-0.2421875,0.7734375,0.8591707853951753,-4.8828125,0.9765625,-0.1220703125
1027,-0.29296875,-0.23046875,0.77734375,0.862096188871745,-4.8828125,1.0986328125,-0.1220703125
1028,-0.26953125,-0.2421875,0.78125,0.8611930343324965,-4.69970703125,1.0986328125,-0.18310546875
1029,-0.30078125,-0.2265625,0.76953125,0.856725318573214,-4.57763671875,1.15966796875,-0.244140625
1030,-0.28515625,-0.23046875,0.765625,0.8488884333442323,-4.5166015625,1.28173828125,-0.18310546875
1031,-0.28515625,-0.24609375,0.78125,0.8673106612991247,-4.39453125,1.28173828125,-0.244140625
1032,-0.28125,-0.23828125,0.76953125,0.8532630668956234,-4.33349609375,1.46484375,-0.18310546875
1033,-0.26953125,-0.234375,0.78125,0.859028694428517,-4.21142578125,1.40380859375,-0.30517578125
1034,-0.27734375,-0.24609375,0.78125,0.8647735263947001,-4.0283203125,1.3427734375,-0.48828125
1035,-0.2890625,-0.24609375,0.77734375,0.8650910751818995,-3.72314453125,1.40380859375,-0.42724609375
1036,-0.27734375,-0.23828125,0.79296875,0.8732107123954604,-3.72314453125,1.3427734375,-0.48828125
1037,-0.27734375,-0.2421875,0.76953125,0.8530842194923518,-3.662109375,1.28173828125,-0.48828125
1038,-0.2890625,-0.23046875,0.78125,0.86430581169677,-3.72314453125,1.220703125,-0.54931640625
1039,-0.2890625,-0.23828125,0.78125,0.8664217480579608,-3.90625,1.220703125,-0.54931640625
1040,-0.27734375,-0.23046875,0.77734375,0.8569123094311853,-3.84521484375,1.220703125,-0.42724609375
1041,-0.28125,-0.23046875,0.7890625,0.8688135796203996,-3.96728515625,1.220703125,-0.42724609375
1042,-0.28125,-0.234375,0.78125,0.8627773557674077,-4.08935546875,1.220703125,-0.48828125
1043,-0.2890625,-0.234375,0.77734375,0.861830653432165,-4.08935546875,1.220703125,-0.3662109375
1044,-0.28125,-0.2421875,0.76953125,0.8543621552847555,-4.0283203125,1.220703125,-0.42724609375
1045,-0.26953125,-0.25,0.76953125,0.8528337701176736,-4.0283203125,1.3427734375,-0.42724609375
1046,-0.2734375,-0.2421875,0.77734375,0.8588865799548637,-3.96728515625,1.28173828125,-0.48828125
1047,-0.28515625,-0.23828125,0.76171875,0.8475302325682473,-3.72314453125,1.3427734375,-0.42724609375
1048,-0.28125,-0.24609375,0.78515625,0.8695596777698038,-3.662109375,1.3427734375,-0.42724609375
1049,-0.28125,-0.23828125,0.77734375,0.8603155364548667,-3.662109375,1.220703125,-0.42724609375
1050,-0.27734375,-0.2265625,0.76953125,0.8487805763546166,-3.662109375,1.15966796875,-0.30517578125
1051,-0.28515625,-0.2421875,0.78515625,0.8697351372598298,-3.662109375,1.220703125,-0.3662109375
1052,-0.27734375,-0.2421875,0.77734375,0.8601381554636296,-3.72314453125,1.3427734375,-0.42724609375
1053,-0.27734375,-0.2421875,0.76171875,0.8460436128958572,-3.7841796875,1.3427734375,-0.3662109375
1054,-0.28125,-0.24609375,0.78125,0.8660342134056036,-3.7841796875,1.40380859375,-0.3662109375
1055,-0.28515625,-0.24609375,0.74609375,0.8357823308087983,-3.90625,1.52587890625,-0.18310546875
1056,-0.27734375,-0.23828125,0.7734375,0.8555133407328462,-3.662109375,1.46484375,-0.18310546875
1057,-0.2734375,-0.23046875,0.76953125,0.8485648212478378,-3.60107421875,1.52587890625,-0.30517578125
1058,-0.26953125,-0.234375,0.7890625,0.8661399218704865,-3.47900390625,1.46484375,-0.244140625
1059,-0.2734375,-0.2265625,0.7734375,0.8510606319286247,-3.35693359375,1.52587890625,-0.06103515625
1060,-0.2734375,-0.2421875,0.77734375,0.8588865799548637,-3.23486328125,1.40380859375,-0.244140625
1061,-0.28515625,-0.23828125,0.77734375,0.8616004565224461,-3.2958984375,1.3427734375,-0.1220703125
1062,-0.2890625,-0.2421875,0.76953125,0.8569657278964325,-3.173828125,1.28173828125,-0.1220703125
1063,-0.28125,-0.23828125,0.78515625,0.8673810313326117,-3.11279296875,1.15966796875,-0.06103515625
1064,-0.29296875,-0.234375,0.76171875,0.8491041062220375,-2.86865234375,1.03759765625,-0.1220703125
1065,-0.2734375,-0.2421875,0.76953125,0.8518222797562074,-2.25830078125,0.9765625,-0.1220703125
1066,-0.28125,-0.234375,0.7734375,0.855709512352907,-1.953125,0.8544921875,-0.06103515625
1067,-0.27734375,-0.24609375,0.7734375,0.8577221320797167,-1.64794921875,0.8544921875,-0.1220703125
1068,-0.28515625,-0.2421875,0.765625,0.8521446547947786,-1.46484375,0.8544921875,-0.06103515625
1069,-0.28125,-0.24609375,0.76953125,0.8554776683325083,-1.46484375,0.8544921875,-0.1220703125
1070,-0.27734375,-0.25,0.7734375,0.858851047662115,-1.46484375,0.9765625,-0.1220703125
1071,-0.26953125,-0.25390625,0.77734375,0.8610335557803119,-1.708984375,1.0986328125,-0.18310546875
1072,-0.2890625,-0.26171875,0.78125,0.8731582877736502,-1.953125,1.220703125,-0.244140625
1073,-0.29296875,-0.23828125,0.76953125,0.8571971694450977,-2.38037109375,1.40380859375,-0.244140625
1074,-0.2890625,-0.24609375,0.765625,0.8545764467385656,-2.86865234375,1.64794921875,-0.244140625
1075,-0.27734375,-0.2578125,0.78515625,0.8716978706721584,-3.23486328125,1.77001953125,-0.3662109375
1076,-0.28125,-0.26171875,0.7890625,0.877620587445288,-3.662109375,2.01416015625,-0.30517578125
1077,-0.26953125,-0.2578125,0.78515625,0.8692437614368451,-3.84521484375,2.0751953125,-0.18310546875
1078,-0.27734375,-0.25,0.78125,0.8658932487114462,-3.84521484375,2.13623046875,-0.06103515625
1079,-0.2734375,-0.25390625,0.78125,0.8657875101289649,-3.35693359375,2.01416015625,0.0
1080,-0.27734375,-0.2421875,0.77734375,0.8601381554636296,-2.74658203125,1.89208984375,0.1220703125
1081,-0.28515625,-0.234375,0.7578125,0.842926754051212,-2.25830078125,1.64794921875,0.244140625
1082,-0.28125,-0.25,0.76953125,0.8566095418722363,-1.8310546875,1.46484375,0.244140625
1083,-0.28515625,-0.2421875,0.76953125,0.8556560154623323,-1.5869140625,1.28173828125,0.1220703125
1084,-0.28515625,-0.23046875,0.765625,0.8488884333442323,-1.5869140625,1.03759765625,0.1220703125
1085,-0.26953125,-0.24609375,0.7578125,0.8411236613434881,-1.8310546875,0.91552734375,0.18310546875
1086,-0.2734375,-0.23046875,0.76171875,0.8414864022872711,-2.197265625,0.91552734375,0.1220703125
1087,-0.2890625,-0.23828125,0.76171875,0.8488524825370867,-2.50244140625,0.91552734375,0.1220703125
1088,-0.28125,-0.2265625,0.765625,0.846530430363404,-2.62451171875,0.91552734375,0.1220703125
1089,-0.28515625,-0.234375,0.765625,0.8499572743168109,-2.685546875,0.91552734375,0.0
1090,-0.27734375,-0.2421875,0.7734375,0.8566095418722363,-2.685546875,0.8544921875,0.0
1091,-0.2734375,-0.23828125,0.78125,0.8613347682566939,-2.8076171875,0.8544921875,0.0
1092,-0.27734375,-0.234375,0.76171875,0.8438404176090554,-2.74658203125,0.9765625,0.1220703125
1093,-0.29296875,-0.234375,0.77734375,0.8631486747748762,-2.8076171875,0.9765625,0.06103515625
1094,-0.28125,-0.23046875,0.76953125,0.8511144176625872,-2.9296875,1.03759765625,-0.06103515625
1095,-0.2890625,-0.23828125,0.77734375,0.8629011465236762,-3.0517578125,1.03759765625,-0.06103515625
1096,-0.28125,-0.2421875,0.76953125,0.8543621552847555,-3.0517578125,0.9765625,-0.06103515625
1097,-0.2734375,-0.2421875,0.7734375,0.8553528032155796,-2.86865234375,1.0986328125,-0.18310546875
1098,-0.28515625,-0.234375,0.77734375,0.8605283453803977,-2.86865234375,0.9765625,-0.244140625
1099,-0.2734375,-0.23828125,0.7890625,0.8684271123209262,-2.99072265625,1.03759765625,-0.244140625
1100,-0.28515625,-0.23828125,0.78125,0.8651263511855508,-2.8076171875,1.03759765625,-0.30517578125
1101,-0.28515625,-0.23046875,0.77734375,0.8594726507019799,-2.99072265625,1.15966796875,-0.3662109375
1102,-0.28125,-0.2421875,0.77734375,0.8614056264735636,-2.86865234375,1.15966796875,-0.3662109375
1103,-0.28125,-0.2421875,0.78125,0.8649323153612947,-2.8076171875,1.03759765625,-0.244140625
1104,-0.28125,-0.234375,0.76953125,0.8521804667155676,-2.685546875,1.0986328125,-0.30517578125
1105,-0.27734375,-0.23828125,0.78125,0.8625827915427162,-2.5634765625,1.15966796875,-0.18310546875
1106,-0.28515625,-0.234375,0.7734375,0.8570013383567803,-2.50244140625,1.03759765625,-0.18310546875
1107,-0.28125,-0.2421875,0.77734375,0.8614056264735636,-2.62451171875,1.03759765625,-0.244140625
1108,-0.2890625,-0.23828125,0.76953125,0.8558699829614163,-2.62451171875,1.03759765625,-0.18310546875
1109,-0.2890625,-0.2421875,0.7734375,0.860475148083168,-2.5634765625,1.15966796875,-0.18310546875
1110,-0.27734375,-0.23828125,0.76171875,0.8449337038295889,-2.5634765625,1.03759765625,-0.18310546875
1111,-0.26953125,-0.2421875,0.7734375,0.854112080636413,-2.5634765625,0.9765625,-0.06103515625
1112,-0.27734375,-0.23828125,0.765625,0.8484569231202165,-2.62451171875,0.9765625,-0.244140625
1113,-0.27734375,-0.234375,0.76953125,0.8508992543278111,-2.62451171875,0.9765625,-0.244140625
1114,-0.2890625,-0.2421875,0.76953125,0.8569657278964325,-2.62451171875,0.8544921875,-0.244140625
1115,-0.29296875,-0.24609375,0.77734375,0.8664041366069806,-2.74658203125,0.732421875,-0.30517578125
1116,-0.2734375,-0.2421875,0.76171875,0.8447711557954986,-2.86865234375,0.732421875,-0.244140625
1117,-0.28125,-0.2421875,0.765625,0.8508454549924152,-2.9296875,0.6103515625,-0.30517578125
1118,-0.28515625,-0.24609375,0.76171875,0.8497597747626605,-3.11279296875,0.67138671875,-0.30517578125
1119,-0.28125,-0.234375,0.77734375,0.8592418220670258,-3.0517578125,0.54931640625,-0.244140625
1120,-0.28125,-0.24609375,0.76171875,0.8484569231202165,-2.86865234375,0.48828125,-0.30517578125
1121,-0.28125,-0.25390625,0.7578125,0.8472601320995297,-2.8076171875,0.48828125,-0.3662109375
1122,-0.28515625,-0.25,0.76171875,0.8508992543278111,-2.74658203125,0.6103515625,-0.30517578125
1123,-0.28515625,-0.2421875,0.76953125,0.8556560154623323,-2.86865234375,0.48828125,-0.244140625
1124,-0.27734375,-0.2421875,0.76953125,0.8530842194923518,-2.99072265625,0.42724609375,-0.18310546875
1125,-0.2890625,-0.2421875,0.78515625,0.8710236799172354,-2.99072265625,0.3662109375,-0.244140625
1126,-0.27734375,-0.2421875,0.77734375,0.8601381554636296,-2.86865234375,0.30517578125,-0.3662109375
1127,-0.27734375,-0.24609375,0.76953125,0.8542014014151976,-2.74658203125,0.3662109375,-0.30517578125
1128,-0.28125,-0.23046875,0.7578125,0.8405338734297462,-2.62451171875,0.30517578125,-0.3662109375
1129,-0.28125,-0.23046875,0.78125,0.8617244163458306,-2.5634765625,0.30517578125,-0.30517578125
1130,-0.28515625,-0.24609375,0.76953125,0.8567698439077367,-2.38037109375,0.48828125,-0.30517578125
1131,-0.2734375,-0.25390625,0.7734375,0.8587444419625448,-2.44140625,0.48828125,-0.30517578125
1132,-0.2734375,-0.24609375,0.76953125,0.8529411145688048,-2.25830078125,0.67138671875,-0.244140625
1133,-0.27734375,-0.23828125,0.77734375,0.8590464570846489,-1.953125,0.67138671875,-0.18310546875
1134,-0.28515625,-0.234375,0.76953125,0.8534776343089636,-1.77001953125,0.8544921875,-0.1220703125
1135,-0.2734375,-0.24609375,0.76953125,0.8529411145688048,-1.52587890625,0.8544921875,-0.1220703125
1136,-0.28125,-0.2421875,0.76171875,0.8473321673097348,-1.3427734375,0.79345703125,-0.18310546875
1137,-0.28515625,-0.24609375,0.77734375,0.8637936827548506,-1.28173828125,0.67138671875,-0.18310546875
1138,-0.27734375,-0.24609375,0.77734375,0.8612461872874605,-1.15966796875,0.6103515625,-0.244140625
1139,-0.27734375,-0.25,0.7734375,0.858851047662115,-1.220703125,0.54931640625,-0.18310546875
1140,-0.2734375,-0.23828125,0.7734375,0.8542549893995718,-1.15966796875,0.42724609375,-0.244140625
1141,-0.27734375,-0.23828125,0.77734375,0.8590464570846489,-1.3427734375,0.42724609375,-0.30517578125
1142,-0.28515625,-0.234375,0.76171875,0.8464403001042808,-1.46484375,0.48828125,-0.30517578125
1143,-0.29296875,-0.2265625,0.78125,0.8645882357416231,-1.52587890625,0.3662109375,-0.3662109375
1144,-0.2734375,-0.24609375,0.76171875,0.8458993168793051,-1.5869140625,0.30517578125,-0.3662109375
1145,-0.28515625,-0.234375,0.7734375,0.8570013383567803,-1.8310546875,0.244140625,-0.3662109375
1146,-0.2734375,-0.2265625,0.7734375,0.8510606319286247,-2.0751953125,0.42724609375,-0.42724609375
1147,-0.28125,-0.24609375,0.7734375,0.8589931680143402,-2.13623046875,0.54931640625,-0.42724609375
1148,-0.27734375,-0.234375,0.78125,0.8615119028713779,-2.13623046875,0.54931640625,-0.48828125
1149,-0.27734375,-0.24609375,0.76953125,0.8542014014151976,-2.0751953125,0.6103515625,-0.42724609375
1150,-0.2734375,-0.24609375,0.7734375,0.8564670259861511,-2.01416015625,0.67138671875,-0.42724609375
1151,-0.28515625,-0.24609375,0.7734375,0.8602800631825516,-1.8310546875,0.732421875,-0.3662109375
1152,-0.28125,-0.23046875,0.7734375,0.8546478652830138,-1.77001953125,0.67138671875,-0.3662109375
1153,-0.2890625,-0.23046875,0.76953125,0.8537278947998449,-1.52587890625,0.732421875,-0.42724609375
1154,-0.2734375,-0.23046875,0.78125,0.8592063044652387,-1.5869140625,0.79345703125,-0.3662109375
1155,-0.28125,-0.234375,0.77734375,0.8592418220670258,-1.64794921875,0.8544921875,-0.42724609375
1156,-0.28125,-0.23828125,0.78125,0.86384667569052,-1.89208984375,0.91552734375,-0.42724609375
1157,-0.27734375,-0.25,0.78125,0.8658932487114462,-2.0751953125,0.91552734375,-0.30517578125
1158,-0.27734375,-0.23828125,0.78125,0.8625827915427162,-2.3193359375,0.8544921875,-0.3662109375
1159,-0.27734375,-0.23828125,0.77734375,0.8590464570846489,-2.44140625,0.8544921875,-0.3662109375
1160,-0.2734375,-0.23828125,0.7734375,0.8542549893995718,-2.5634765625,0.8544921875,-0.3662109375
1161,-0.28125,-0.2421875,0.76953125,0.8543621552847555,-2.685546875,0.91552734375,-0.42724609375
1162,-0.2734375,-0.234375,0.78125,0.860262325997861,-2.62451171875,0.79345703125,-0.3662109375
1163,-0.28125,-0.23828125,0.7734375,0.8567876533936588,-2.62451171875,0.79345703125,-0.30517578125
1164,-0.28125,-0.26171875,0.7890625,0.877620587445288,-2.5634765625,0.79345703125,-0.30517578125
1165,-0.28125,-0.23828125,0.77734375,0.8603155364548667,-2.38037109375,0.8544921875,-0.244140625
1166,-0.2890625,-0.23046875,0.76171875,0.8466926406520698,-2.197265625,0.79345703125,-0.244140625
1167,-0.28515625,-0.234375,0.77734375,0.8605283453803977,-1.953125,0.79345703125,-0.30517578125
1168,-0.27734375,-0.23046875,0.78125,0.860457414919893,-1.708984375,0.79345703125,-0.30517578125
1169,-0.2734375,-0.23828125,0.7734375,0.8542549893995718,-1.64794921875,0.732421875,-0.18310546875
1170,-0.2734375,-0.2421875,0.76171875,0.8447711557954986,-1.5869140625,0.67138671875,-0.244140625
1171,-0.26953125,-0.234375,0.7734375,0.8519297516566801,-1.46484375,0.6103515625,-0.18310546875
1172,-0.27734375,-0.23046875,0.76953125,0.8498315980929325,-1.46484375,0.54931640625,-0.18310546875
1173,-0.27734375,-0.23828125,0.7734375,0.8555133407328462,-1.5869140625,0.6103515625,-0.244140625
1174,-0.26953125,-0.2265625,0.77734375,0.8533703573460206,-1.708984375,0.54931640625,-0.1220703125
1175,-0.28125,-0.23046875,0.77734375,0.8581845447749714,-1.8310546875,0.6103515625,-0.18310546875
1176,-0.27734375,-0.2265625,0.765625,0.8452406537166279,-2.01416015625,0.6103515625,-0.18310546875
1177,-0.28515625,-0.23828125,0.77734375,0.8616004565224461,-2.25830078125,0.6103515625,-0.244140625
1178,-0.2890625,-0.234375,0.78125,0.8653556101576103,-2.44140625,0.67138671875,-0.18310546875
1179,-0.27734375,-0.23828125,0.76953125,0.8519834825230989,-2.50244140625,0.67138671875,-0.18310546875
1180,-0.28125,-0.2421875,0.77734375,0.8614056264735636,-2.50244140625,0.67138671875,-0.18310546875
1181,-0.2734375,-0.2421875,0.7734375,0.8553528032155796,-2.5634765625,0.732421875,-0.244140625
1182,-0.26953125,-0.23046875,0.7734375,0.8508633884821787,-2.5634765625,0.732421875,-0.18310546875
1183,-0.28125,-0.234375,0.7734375,0.855709512352907,-2.62451171875,0.732421875,-0.1220703125
1184,-0.26953125,-0.234375,0.7734375,0.8519297516566801,-2.5634765625,0.79345703125,-0.18310546875
1185,-0.27734375,-0.23046875,0.7734375,0.8533703573460206,-2.50244140625,0.8544921875,-0.1220703125
1186,-0.2734375,-0.23828125,0.7734375,0.8542549893995718,-2.3193359375,0.79345703125,-0.18310546875
1187,-0.26953125,-0.2421875,0.765625,0.8470439897123481,-2.3193359375,0.732421875,-0.06103515625
1188,-0.28515625,-0.23046875,0.77734375,0.8594726507019799,-2.25830078125,0.732421875,-0.06103515625
1189,-0.28125,-0.2265625,0.78125,0.8606879175440132,-2.197265625,0.732421875,-0.1220703125
1190,-0.28125,-0.234375,0.78515625,0.8663160739816979,-1.953125,0.732421875,-0.1220703125
1191,-0.2734375,-0.23828125,0.77734375,0.8577932887193015,-1.77001953125,0.6103515625,-0.1220703125
1192,-0.27734375,-0.234375,0.78125,0.8615119028713779,-1.77001953125,0.6103515625,-0.1220703125
1193,-0.2890625,-0.23046875,0.77734375,0.860776555963785,-1.8310546875,0.6103515625,-0.1220703125
1194,-0.26953125,-0.234375,0.77734375,0.8554776683325083,-1.8310546875,0.6103515625,-0.1220703125
1195,-0.28125,-0.234375,0.765625,0.8486547258750169,-1.64794921875,0.6103515625,-0.18310546875
1196,-0.2734375,-0.2421875,0.77734375,0.8588865799548637,-1.5869140625,0.67138671875,-0.30517578125
1197,-0.2734375,-0.2421875,0.76171875,0.8447711557954986,-1.3427734375,0.67138671875,-0.18310546875
1198,-0.28125,-0.234375,0.78125,0.8627773557674077,-1.3427734375,0.54931640625,-0.244140625
1199,-0.2734375,-0.23828125,0.78125,0.8613347682566939,-1.15966796875,0.54931640625,-0.244140625
1200,-0.2734375,-0.2265625,0.765625,0.8439669859878999,-1.220703125,0.48828125,-0.30517578125
1201,-0.2734375,-0.23046875,0.7890625,0.8663160739816979,-1.15966796875,0.42724609375,-0.18310546875
1202,-0.28125,-0.23828125,0.78515625,0.8673810313326117,-1.0986328125,0.42724609375,-0.18310546875
1203,-0.2734375,-0.234375,0.77734375,0.8567164132286206,-1.15966796875,0.3662109375,-0.244140625
1204,-0.28125,-0.2421875,0.77734375,0.8614056264735636,-1.220703125,0.42724609375,-0.244140625
1205,-0.28125,-0.24609375,0.75390625,0.8414501352297264,-1.15966796875,0.48828125,-0.244140625
1206,-0.2734375,-0.23828125,0.7734375,0.8542549893995718,-1.15966796875,0.54931640625,-0.30517578125
1207,-0.27734375,-0.234375,0.7734375,0.8544335917409337,-1.220703125,0.48828125,-0.3662109375
1208,-0.27734375,-0.2421875,0.7734375,0.8566095418722363,-1.0986328125,0.48828125,-0.42724609375
1209,-0.2890625,-0.24609375,0.78515625,0.872117881716328,-0.91552734375,0.54931640625,-0.48828125
1210,-0.265625,-0.234375,0.7734375,0.8507019734644149,-0.79345703125,0.48828125,-0.54931640625
1211,-0.27734375,-0.234375,0.765625,0.8473681826184309,-0.732421875,0.48828125,-0.54931640625
1212,-0.29296875,-0.234375,0.76953125,0.856119544122271,-0.67138671875,0.42724609375,-0.48828125
1213,-0.28515625,-0.2265625,0.765625,0.8478362424108281,-0.79345703125,0.48828125,-0.42724609375
1214,-0.28515625,-0.23046875,0.765625,0.8488884333442323,-1.03759765625,0.54931640625,-0.48828125
1215,-0.27734375,-0.23828125,0.77734375,0.8590464570846489,-1.15966796875,0.54931640625,-0.48828125
1216,-0.265625,-0.23828125,0.7734375,0.8517864527760538,-1.40380859375,0.54931640625,-0.54931640625
1217,-0.27734375,-0.22265625,0.7734375,0.8512936788995763,-1.77001953125,0.6103515625,-0.48828125
1218,-0.28125,-0.23046875,0.78125,0.8617244163458306,-1.89208984375,0.6103515625,-0.54931640625
1219,-0.2734375,-0.23046875,0.78515625,0.8627596699237134,-2.0751953125,0.67138671875,-0.67138671875
1220,-0.27734375,-0.234375,0.7734375,0.8544335917409337,-2.13623046875,0.79345703125,-0.6103515625
1221,-0.28125,-0.22265625,0.7734375,0.852574298563071,-2.197265625,0.67138671875,-0.6103515625
1222,-0.28515625,-0.2265625,0.78515625,0.8655142923339713,-2.3193359375,0.67138671875,-0.54931640625
1223,-0.2734375,-0.234375,0.78125,0.860262325997861,-2.38037109375,0.732421875,-0.48828125
1224,-0.28515625,-0.23828125,0.78515625,0.8686555001435767,-2.685546875,0.67138671875,-0.48828125
1225,-0.28125,-0.23046875,0.78125,0.8617244163458306,-2.8076171875,0.67138671875,-0.48828125
1226,-0.26171875,-0.23828125,0.7734375,0.8505764072729592,-2.86865234375,0.6103515625,-0.3662109375
1227,-0.28125,-0.2265625,0.7890625,0.8677855482851163,-2.62451171875,0.67138671875,-0.42724609375
1228,-0.27734375,-0.23046875,0.77734375,0.8569123094311853,-2.44140625,0.6103515625,-0.3662109375
1229,-0.28515625,-0.2265625,0.78125,0.861972282512792,-2.01416015625,0.6103515625,-0.42724609375
1230,-0.27734375,-0.23046875,0.78125,0.860457414919893,-1.64794921875,0.54931640625,-0.3662109375
1231,-0.28125,-0.234375,0.74609375,0.8310770643653105,-1.28173828125,0.54931640625,-0.42724609375
1232,-0.28125,-0.2265625,0.7734375,0.8536027737258707,-1.03759765625,0.54931640625,-0.48828125
1233,-0.28125,-0.2265625,0.78125,0.8606879175440132,-0.91552734375,0.67138671875,-0.48828125
1234,-0.28515625,-0.23046875,0.7734375,0.8559412935750179,-0.91552734375,0.79345703125,-0.6103515625
1235,-0.2890625,-0.22265625,0.7734375,0.8551833142528931,-0.9765625,1.03759765625,-0.6103515625
1236,-0.28125,-0.2265625,0.78515625,0.8642351912646884,-1.3427734375,1.220703125,-0.54931640625
1237,-0.26953125,-0.2421875,0.78125,0.8611930343324965,-1.5869140625,1.52587890625,-0.48828125
1238,-0.27734375,-0.234375,0.79296875,0.8721528735064885,-2.01416015625,1.708984375,-0.48828125
1239,-0.28125,-0.2421875,0.7890625,0.871995399392967,-2.3193359375,1.89208984375,-0.48828125
1240,-0.2734375,-0.24609375,0.78515625,0.8670643212065499,-2.25830078125,1.953125,-0.3662109375
1241,-0.26953125,-0.23828125,0.78515625,0.8636523523630255,-2.13623046875,2.01416015625,-0.244140625
1242,-0.28125,-0.23046875,0.76953125,0.8511144176625872,-1.77001953125,1.953125,-0.1220703125
1243,-0.28125,-0.2265625,0.7734375,0.8536027737258707,-1.15966796875,1.77001953125,-0.06103515625
1244,-0.265625,-0.23046875,0.765625,0.8425284125633761,-0.79345703125,1.77001953125,0.0
1245,-0.28125,-0.23046875,0.76953125,0.8511144176625872,-0.48828125,1.708984375,0.06103515625
1246,-0.28125,-0.23828125,0.76953125,0.8532630668956234,-0.3662109375,1.46484375,0.06103515625
1247,-0.27734375,-0.234375,0.77734375,0.8579711544994535,-0.3662109375,1.220703125,0.0
1248,-0.28515625,-0.2265625,0.7734375,0.8548977832036778,-0.48828125,1.03759765625,-0.06103515625
1249,-0.28125,-0.2265625,0.7734375,0.8536027737258707,-0.67138671875,0.91552734375,-0.1220703125
1250,-0.2734375,-0.22265625,0.7734375,0.8500290809593296,-1.03759765625,0.67138671875,-0.18310546875
1251,-0.28515625,-0.2265625,0.78125,0.861972282512792,-1.3427734375,0.6103515625,-0.244140625
1252,-0.28125,-0.22265625,0.78125,0.8596679188291619,-1.8310546875,0.48828125,-0.244140625
1253,-0.28125,-0.22265625,0.78125,0.8596679188291619,-2.197265625,0.48828125,-0.244140625
1254,-0.28125,-0.22265625,0.7734375,0.852574298563071,-2.685546875,0.3662109375,-0.30517578125
1255,-0.27734375,-0.22265625,0.78515625,0.8619545801503624,-2.9296875,0.6103515625,-0.30517578125
1256,-0.26953125,-0.2265625,0.7734375,0.8498136428294515,-3.23486328125,0.79345703125,-0.244140625
1257,-0.26953125,-0.2265625,0.78125,0.8569301159562619,-3.35693359375,0.91552734375,-0.30517578125
1258,-0.27734375,-0.2265625,0.78125,0.8594193880581893,-3.47900390625,1.03759765625,-0.244140625
1259,-0.28125,-0.2265625,0.77734375,0.8571437654036297,-3.23486328125,1.0986328125,-0.244140625
1260,-0.26953125,-0.23046875,0.7890625,0.8650910751818995,-3.0517578125,0.9765625,-0.30517578125
1261,-0.27734375,-0.2265625,0.78125,0.8594193880581893,-2.8076171875,0.9765625,-0.18310546875
1262,-0.26953125,-0.2265625,0.76953125,0.8462600107882772,-2.44140625,0.8544921875,-0.30517578125
1263,-0.27734375,-0.22265625,0.76953125,0.8477462509823842,-2.197265625,0.79345703125,-0.30517578125
1264,-0.2734375,-0.234375,0.76171875,0.8425646332079293,-2.01416015625,0.67138671875,-0.30517578125
1265,-0.28125,-0.23046875,0.78515625,0.8652674408185165,-1.708984375,0.54931640625,-0.42724609375
1266,-0.27734375,-0.22265625,0.76953125,0.8477462509823842,-1.64794921875,0.42724609375,-0.30517578125
1267,-0.28515625,-0.22265625,0.78515625,0.8644999881389169,-1.46484375,0.48828125,-0.244140625
1268,-0.28125,-0.234375,0.7734375,0.855709512352907,-1.40380859375,0.54931640625,-0.3662109375
1269,-0.27734375,-0.23046875,0.78125,0.860457414919893,-1.46484375,0.6103515625,-0.30517578125
1270,-0.28125,-0.2265625,0.78125,0.8606879175440132,-1.64794921875,0.67138671875,-0.18310546875
1271,-0.28515625,-0.22265625,0.7890625,0.868049262129964,-1.89208984375,0.732421875,-0.244140625
1272,-0.2890625,-0.2265625,0.78515625,0.8668091094506116,-2.0751953125,0.8544921875,-0.30517578125
1273,-0.28515625,-0.23046875,0.7734375,0.8559412935750179,-2.25830078125,0.91552734375,-0.3662109375
1274,-0.27734375,-0.23046875,0.77734375,0.8569123094311853,-2.44140625,0.9765625,-0.3662109375
1275,-0.27734375,-0.23046875,0.78125,0.860457414919893,-2.5634765625,0.9765625,-0.42724609375
1276,-0.28125,-0.22265625,0.7890625,0.8667739019319355,-2.8076171875,0.8544921875,-0.42724609375
1277,-0.28125,-0.23828125,0.7890625,0.8709185642227478,-2.9296875,0.91552734375,-0.42724609375
1278,-0.28515625,-0.2265625,0.765625,0.8478362424108281,-2.99072265625,0.8544921875,-0.3662109375
1279,-0.27734375,-0.2265625,0.77734375,0.8558699829614163,-3.173828125,0.732421875,-0.3662109375
1280,-0.26953125,-0.2421875,0.77734375,0.8576509695364863,-3.23486328125,0.732421875,-0.3662109375
1281,-0.2734375,-0.23046875,0.78515625,0.8627596699237134,-3.23486328125,0.6103515625,-0.42724609375
1282,-0.26953125,-0.2265625,0.7734375,0.8498136428294515,-3.11279296875,0.6103515625,-0.3662109375
1283,-0.26953125,-0.234375,0.7734375,0.8519297516566801,-3.11279296875,0.67138671875,-0.30517578125
1284,-0.26953125,-0.2265625,0.78515625,0.8604928808809954,-2.99072265625,0.6103515625,-0.244140625
1285,-0.27734375,-0.23046875,0.78125,0.860457414919893,-2.74658203125,0.54931640625,-0.30517578125
1286,-0.28515625,-0.23046875,0.765625,0.8488884333442323,-2.5634765625,0.6103515625,-0.18310546875
1287,-0.26953125,-0.22265625,0.76953125,0.845222600926636,-2.3193359375,0.6103515625,-0.30517578125
1288,-0.28125,-0.22265625,0.7890625,0.8667739019319355,-2.01416015625,0.42724609375,-0.3662109375
1289,-0.27734375,-0.22265625,0.77734375,0.8548442355143933,-1.8310546875,0.48828125,-0.48828125
1290,-0.2734375,-0.2265625,0.76953125,0.8475122285483924,-1.953125,0.3662109375,-0.42724609375
1291,-0.2734375,-0.2265625,0.76953125,0.8475122285483924,-2.0751953125,0.244140625,-0.54931640625
1292,-0.28515625,-0.23046875,0.77734375,0.8594726507019799,-2.3193359375,0.244140625,-0.48828125
1293,-0.28125,-0.234375,0.78125,0.8627773557674077,-2.38037109375,0.18310546875,-0.42724609375
1294,-0.28125,-0.2265625,0.77734375,0.8571437654036297,-2.38037109375,0.18310546875,-0.42724609375
1295,-0.2734375,-0.2421875,0.7734375,0.8553528032155796,-2.3193359375,0.30517578125,-0.42724609375
1296,-0.2890625,-0.2265625,0.77734375,0.8597389144249331,-2.3193359375,0.48828125,-0.42724609375
1297,-0.26953125,-0.2421875,0.78125,0.8611930343324965,-2.197265625,0.67138671875,-0.30517578125
1298,-0.2734375,-0.2265625,0.78125,0.858166764278657,-2.01416015625,0.8544921875,-0.244140625
1299,-0.265625,-0.23046875,0.78125,0.8567520340516049,-1.953125,0.91552734375,-0.18310546875
1300,-0.2734375,-0.234375,0.78515625,0.8638113474279627,-1.89208984375,0.9765625,-0.18310546875
1301,-0.28125,-0.234375,0.7734375,0.855709512352907,-1.77001953125,1.03759765625,-0.244140625
1302,-0.2734375,-0.22265625,0.77734375,0.8535848977895374,-1.953125,0.91552734375,-0.244140625
1303,-0.27734375,-0.23046875,0.79296875,0.8711112666400243,-1.953125,0.8544921875,-0.30517578125
1304,-0.27734375,-0.2265625,0.76953125,0.8487805763546166,-2.0751953125,0.8544921875,-0.30517578125
1305,-0.2734375,-0.2265625,0.78515625,0.8617244163458306,-2.0751953125,0.67138671875,-0.42724609375
1306,-0.29296875,-0.2265625,0.77734375,0.861060137590212,-2.13623046875,0.54931640625,-0.42724609375
1307,-0.28125,-0.21875,0.77734375,0.8551119404288906,-2.197265625,0.3662109375,-0.3662109375
1308,-0.26953125,-0.21484375,0.78515625,0.8574819348270186,-2.25830078125,0.3662109375,-0.3662109375
1309,-0.28125,-0.21875,0.7734375,0.8515625,-2.44140625,0.42724609375,-0.30517578125
1310,-0.2734375,-0.21875,0.77734375,0.852574298563071,-2.5634765625,0.42724609375,-0.30517578125
1311,-0.26953125,-0.21875,0.78515625,0.8584689826316528,-2.685546875,0.48828125,-0.3662109375
1312,-0.27734375,-0.23046875,0.7890625,0.8675569314441992,-2.685546875,0.6103515625,-0.48828125
1313,-0.26953125,-0.234375,0.7734375,0.8519297516566801,-2.685546875,0.67138671875,-0.54931640625
1314,-0.28125,-0.234375,0.78515625,0.8663160739816979,-2.5634765625,0.79345703125,-0.48828125
1315,-0.28515625,-0.2265625,0.76953125,0.8513653728258361,-2.38037109375,0.79345703125,-0.48828125
1316,-0.27734375,-0.2265625,0.765625,0.8452406537166279,-2.25830078125,0.91552734375,-0.48828125
1317,-0.2734375,-0.21875,0.7890625,0.8632724122850793,-2.197265625,0.8544921875,-0.6103515625
1318,-0.28125,-0.2265625,0.7734375,0.8536027737258707,-2.197265625,0.8544921875,-0.54931640625
1319,-0.28515625,-0.2265625,0.78125,0.861972282512792,-2.197265625,0.8544921875,-0.54931640625
1320,-0.26953125,-0.234375,0.7734375,0.8519297516566801,-2.38037109375,0.8544921875,-0.48828125
1321,-0.2734375,-0.23046875,0.78515625,0.8627596699237134,-2.5634765625,0.79345703125,-0.42724609375
1322,-0.26953125,-0.2265625,0.77734375,0.8533703573460206,-2.5634765625,0.67138671875,-0.42724609375
1323,-0.2734375,-0.2265625,0.77734375,0.8546121567568311,-2.62451171875,0.6103515625,-0.42724609375
1324,-0.28125,-0.22265625,0.7890625,0.8667739019319355,-2.685546875,0.6103515625,-0.3662109375
1325,-0.28125,-0.21875,0.78515625,0.862220077424588,-2.74658203125,0.67138671875,-0.30517578125
1326,-0.2734375,-0.21875,0.77734375,0.852574298563071,-2.62451171875,0.67138671875,-0.244140625
1327,-0.28125,-0.2265625,0.78515625,0.8642351912646884,-2.62451171875,0.732421875,-0.244140625
1328,-0.26953125,-0.23046875,0.77734375,0.8544157331868295,-2.8076171875,0.67138671875,-0.30517578125
1329,-0.27734375,-0.23046875,0.78515625,0.8640056349959111,-2.685546875,0.732421875,-0.30517578125
1330,-0.28515625,-0.22265625,0.78125,0.8609538054263568,-2.50244140625,0.79345703125,-0.3662109375
1331,-0.27734375,-0.23046875,0.78125,0.860457414919893,-2.3193359375,0.8544921875,-0.3662109375
1332,-0.2734375,-0.2265625,0.77734375,0.8546121567568311,-2.38037109375,0.79345703125,-0.30517578125
1333,-0.27734375,-0.22265625,0.77734375,0.8548442355143933,-2.38037109375,0.79345703125,-0.244140625
1334,-0.26953125,-0.2265625,0.77734375,0.8533703573460206,-2.62451171875,0.79345703125,-0.244140625
1335,-0.28125,-0.21875,0.7578125,0.8373965071316276,-2.5634765625,0.67138671875,-0.244140625
1336,-0.27734375,-0.22265625,0.76953125,0.8477462509823842,-2.44140625,0.67138671875,-0.244140625
1337,-0.28515625,-0.21875,0.78125,0.859951866044875,-2.38037109375,0.732421875,-0.244140625
1338,-0.265625,-0.22265625,0.77734375,0.8511144176625872,-2.44140625,0.67138671875,-0.244140625
1339,-0.2734375,-0.2265625,0.77734375,0.8546121567568311,-2.5634765625,0.79345703125,-0.18310546875
1340,-0.28515625,-0.2265625,0.7578125,0.8407879866390591,-2.8076171875,0.732421875,-0.30517578125
1341,-0.27734375,-0.22265625,0.78125,0.8583978820035176,-2.86865234375,0.732421875,-0.30517578125
1342,-0.26953125,-0.2265625,0.78125,0.8569301159562619,-2.8076171875,0.67138671875,-0.3662109375
1343,-0.27734375,-0.23046875,0.76953125,0.8498315980929325,-2.9296875,0.67138671875,-0.3662109375
1344,-0.2890625,-0.2265625,0.796875,0.8774380097405742,-2.8076171875,0.732421875,-0.48828125
1345,-0.28125,-0.21875,0.77734375,0.8551119404288906,-2.8076171875,0.67138671875,-0.42724609375
1346,-0.265625,-0.2265625,0.7890625,0.8628480955171078,-2.9296875,0.48828125,-0.42724609375
1347,-0.28515625,-0.23828125,0.7734375,0.8580778562705572,-2.9296875,0.42724609375,-0.42724609375
1348,-0.28125,-0.2265625,0.76953125,0.8500649820059714,-2.9296875,0.42724609375,-0.30517578125
1349,-0.265625,-0.22265625,0.76953125,0.8439850656354204,-2.99072265625,0.42724609375,-0.30517578125
1350,-0.28125,-0.23046875,0.78125,0.8617244163458306,-3.23486328125,0.18310546875,-0.244140625
1351,-0.27734375,-0.23046875,0.7734375,0.8533703573460206,-3.41796875,-0.06103515625,-0.18310546875
1352,-0.27734375,-0.234375,0.77734375,0.8579711544994535,-3.2958984375,0.0,-0.1220703125
1353,-0.28515625,-0.23046875,0.78125,0.8630072387533172,-3.11279296875,0.06103515625,-0.244140625
1354,-0.2890625,-0.2265625,0.77734375,0.8597389144249331,-3.11279296875,0.1220703125,-0.1220703125
1355,-0.27734375,-0.21875,0.78125,0.8573929558050162,-2.99072265625,0.1220703125,-0.18310546875
1356,-0.28125,-0.23046875,0.76953125,0.8511144176625872,-3.0517578125,0.18310546875,-0.244140625
1357,-0.27734375,-0.23046875,0.77734375,0.8569123094311853,-3.173828125,0.30517578125,-0.244140625
1358,-0.27734375,-0.22265625,0.77734375,0.8548442355143933,-3.23486328125,0.30517578125,-0.18310546875
1359,-0.27734375,-0.22265625,0.77734375,0.8548442355143933,-3.2958984375,0.3662109375,-0.30517578125
1360,-0.28125,-0.22265625,0.78125,0.8596679188291619,-3.23486328125,0.48828125,-0.3662109375
1361,-0.27734375,-0.23046875,0.7890625,0.8675569314441992,-3.0517578125,0.732421875,-0.3662109375
1362,-0.2734375,-0.23046875,0.78125,0.8592063044652387,-3.11279296875,0.732421875,-0.30517578125
1363,-0.2734375,-0.21875,0.76953125,0.8454572571294261,-3.11279296875,0.79345703125,-0.3662109375
1364,-0.26171875,-0.23828125,0.78125,0.857686551546149,-3.23486328125,0.8544921875,-0.244140625
1365,-0.27734375,-0.23046875,0.78125,0.860457414919893,-3.23486328125,0.8544921875,-0.18310546875
1366,-0.26953125,-0.23046875,0.78515625,0.8615296143297615,-3.173828125,0.91552734375,-0.244140625
1367,-0.26953125,-0.21875,0.77734375,0.8513295266174109,-3.173828125,0.91552734375,-0.06103515625
1368,-0.2734375,-0.21875,0.7890625,0.8632724122850793,-3.11279296875,0.91552734375,-0.18310546875
1369,-0.27734375,-0.21875,0.78125,0.8573929558050162,-3.11279296875,0.8544921875,-0.18310546875
1370,-0.2734375,-0.21875,0.7890625,0.8632724122850793,-3.173828125,0.79345703125,-0.30517578125
1371,-0.28125,-0.22265625,0.7734375,0.852574298563071,-3.2958984375,0.79345703125,-0.30517578125
1372,-0.2734375,-0.22265625,0.78125,0.8571437654036297,-3.60107421875,0.6103515625,-0.30517578125
1373,-0.28125,-0.22265625,0.78125,0.8596679188291619,-3.72314453125,0.6103515625,-0.42724609375
1374,-0.2734375,-0.23046875,0.78125,0.8592063044652387,-3.7841796875,0.54931640625,-0.42724609375
1375,-0.28515625,-0.2265625,0.77734375,0.858433433053708,-3.5400390625,0.54931640625,-0.48828125
1376,-0.265625,-0.22265625,0.77734375,0.8511144176625872,-3.2958984375,0.54931640625,-0.48828125
1377,-0.26953125,-0.2421875,0.7734375,0.854112080636413,-3.173828125,0.67138671875,-0.42724609375
1378,-0.27734375,-0.22265625,0.765625,0.8442019912041934,-3.11279296875,0.79345703125,-0.48828125
1379,-0.2734375,-0.21875,0.7890625,0.8632724122850793,-2.99072265625,0.8544921875,-0.42724609375
1380,-0.27734375,-0.2265625,0.7734375,0.8523236993516973,-2.8076171875,0.91552734375,-0.3662109375
1381,-0.28125,-0.21875,0.7734375,0.8515625,-2.685546875,1.03759765625,-0.42724609375
1382,-0.28125,-0.22265625,0.7734375,0.852574298563071,-2.50244140625,1.03759765625,-0.48828125
1383,-0.26953125,-0.2265625,0.78125,0.8569301159562619,-2.3193359375,0.9765625,-0.42724609375
1384,-0.2734375,-0.23046875,0.76953125,0.8485648212478378,-2.13623046875,0.9765625,-0.48828125
1385,-0.28125,-0.23046875,0.78515625,0.8652674408185165,-2.25830078125,1.03759765625,-0.48828125
1386,-0.2734375,-0.23046875,0.77734375,0.8556560154623323,-2.25830078125,1.03759765625,-0.3662109375
1387,-0.26953125,-0.2265625,0.7734375,0.8498136428294515,-2.50244140625,0.91552734375,-0.3662109375
1388,-0.2734375,-0.22265625,0.7734375,0.8500290809593296,-2.685546875,0.91552734375,-0.244140625
1389,-0.26953125,-0.23046875,0.7890625,0.8650910751818995,-2.86865234375,1.03759765625,-0.244140625
1390,-0.27734375,-0.23828125,0.77734375,0.8590464570846489,-3.11279296875,1.03759765625,-0.18310546875
1391,-0.265625,-0.23046875,0.78125,0.8567520340516049,-3.23486328125,1.03759765625,-0.244140625
1392,-0.27734375,-0.22265625,0.78515625,0.8619545801503624,-3.23486328125,0.9765625,-0.30517578125
1393,-0.28125,-0.2265625,0.78515625,0.8642351912646884,-3.23486328125,0.9765625,-0.244140625
1394,-0.27734375,-0.22265625,0.7734375,0.8512936788995763,-3.173828125,1.03759765625,-0.244140625
1395,-0.265625,-0.23046875,0.765625,0.8425284125633761,-3.2958984375,1.03759765625,-0.244140625
1396,-0.26953125,-0.23046875,0.78125,0.8579711544994535,-3.47900390625,0.9765625,-0.244140625
1397,-0.265625,-0.23046875,0.78515625,0.8603155364548667,-3.47900390625,0.9765625,-0.18310546875
1398,-0.26953125,-0.234375,0.76171875,0.8413050513655109,-3.41796875,0.9765625,-0.18310546875
1399,-0.28125,-0.21875,0.77734375,0.8551119404288906,-3.173828125,0.91552734375,-0.1220703125
1400,-0.2734375,-0.23046875,0.78125,0.8592063044652387,-2.9296875,0.8544921875,-0.244140625
1401,-0.2734375,-0.22265625,0.77734375,0.8535848977895374,-2.44140625,0.732421875,-0.244140625
1402,-0.28515625,-0.23046875,0.7734375,0.8559412935750179,-1.953125,0.79345703125,-0.18310546875
1403,-0.2734375,-0.234375,0.765625,0.8460977175576412,-1.64794921875,0.67138671875,-0.30517578125
1404,-0.26953125,-0.2265625,0.7734375,0.8498136428294515,-1.40380859375,0.732421875,-0.244140625
1405,-0.2734375,-0.2265625,0.76953125,0.8475122285483924,-1.15966796875,0.732421875,-0.3662109375
1406,-0.26953125,-0.21875,0.77734375,0.8513295266174109,-1.15966796875,0.79345703125,-0.30517578125
1407,-0.265625,-0.23046875,0.76953125,0.8460796830548084,-1.220703125,0.8544921875,-0.3662109375
1408,-0.27734375,-0.2421875,0.78515625,0.8672050955422108,-1.28173828125,1.0986328125,-0.42724609375
1409,-0.28125,-0.234375,0.78515625,0.8663160739816979,-1.28173828125,1.3427734375,-0.48828125
1410,-0.28515625,-0.2421875,0.78125,0.8662103870136357,-1.5869140625,1.52587890625,-0.48828125
1411,-0.27734375,-0.23046875,0.78515625,0.8640056349959111,-1.8310546875,1.8310546875,-0.42724609375
1412,-0.2734375,-0.24609375,0.78125,0.8635286692955322,-1.953125,2.01416015625,-0.3662109375
1413,-0.27734375,-0.23828125,0.78515625,0.8661223046889437,-1.5869140625,2.0751953125,-0.30517578125
1414,-0.2578125,-0.2421875,0.765625,0.843388232629256,-1.220703125,1.953125,-0.244140625
1415,-0.265625,-0.23828125,0.765625,0.8446989021844189,-0.6103515625,1.77001953125,-0.18310546875
1416,-0.26171875,-0.2265625,0.75,0.8260310348333242,-0.244140625,1.5869140625,-0.244140625
1417,-0.28125,-0.22265625,0.7578125,0.8384254011659669,0.1220703125,1.3427734375,-0.1220703125
1418,-0.28125,-0.22265625,0.7734375,0.852574298563071,0.54931640625,1.28173828125,-0.244140625
1419,-0.27734375,-0.21484375,0.76953125,0.8457279333832408,0.79345703125,0.9765625,-0.30517578125
1420,-0.27734375,-0.2265625,0.7734375,0.8523236993516973,0.67138671875,0.8544921875,-0.3662109375
1421,-0.2734375,-0.234375,0.76953125,0.8496340693250315,0.54931640625,0.54931640625,-0.3662109375
1422,-0.2578125,-0.23046875,0.7734375,0.84722411219763,0.54931640625,0.3662109375,-0.3662109375
1423,-0.2578125,-0.22265625,0.76171875,0.8344210836992765,0.732421875,0.18310546875,-0.48828125
1424,-0.2734375,-0.22265625,0.78125,0.8571437654036297,0.8544921875,0.0,-0.30517578125
1425,-0.2890625,-0.21484375,0.78125,0.8602711946359197,0.6103515625,-0.06103515625,-0.30517578125
1426,-0.28125,-0.21875,0.79296875,0.8693403036076048,0.1220703125,0.18310546875,-0.3662109375
1427,-0.28125,-0.20703125,0.80078125,0.8736212630929521,0.0,0.30517578125,-0.06103515625
1428,-0.26953125,-0.22265625,0.78515625,0.8594726507019799,-0.30517578125,0.30517578125,-0.06103515625
1429,-0.2734375,-0.21484375,0.78515625,0.8587177884697481,-1.15966796875,0.54931640625,-0.42724609375
1430,-0.2578125,-0.2109375,0.79296875,0.8600938044998712,-1.8310546875,0.732421875,-0.6103515625
1431,-0.26171875,-0.2265625,0.79296875,0.8652321705671692,-2.197265625,0.8544921875,-0.54931640625
1432,-0.26953125,-0.2265625,0.78515625,0.8604928808809954,-2.38037109375,0.9765625,-0.6103515625
1433,-0.27734375,-0.21484375,0.77734375,0.8528427160046497,-2.50244140625,0.9765625,-0.54931640625
1434,-0.28125,-0.21484375,0.7890625,0.8647999932471742,-2.38037109375,0.8544921875,-0.54931640625
1435,-0.27734375,-0.21484375,0.78515625,0.8599696096329146,-2.25830078125,0.8544921875,-0.48828125
1436,-0.2734375,-0.21875,0.79296875,0.8668443155393086,-1.953125,0.79345703125,-0.54931640625
1437,-0.28515625,-0.22265625,0.77734375,0.8574107523481307,-1.64794921875,0.67138671875,-0.67138671875
1438,-0.26171875,-0.2265625,0.77734375,0.8509351186617432,-1.28173828125,0.30517578125,-0.6103515625
1439,-0.265625,-0.21875,0.7890625,0.8608297346347011,-1.03759765625,0.1220703125,-0.6103515625
1440,-0.26953125,-0.2265625,0.77734375,0.8533703573460206,-0.91552734375,-0.06103515625,-0.67138671875
1441,-0.2734375,-0.22265625,0.78515625,0.8607056459582306,-0.8544921875,-0.3662109375,-0.732421875
1442,-0.25390625,-0.2265625,0.78515625,0.8557273439065594,-0.54931640625,-0.732421875,-1.28173828125
1443,-0.26171875,-0.2265625,0.765625,0.8402433642301571,-0.42724609375,-1.15966796875,-1.89208984375
1444,-0.265625,-0.22265625,0.79296875,0.8654085074492999,-0.6103515625,-1.15966796875,-1.40380859375
1445,-0.26953125,-0.21484375,0.7734375,0.8467647241394005,-0.91552734375,-0.79345703125,-0.9765625
1446,-0.28125,-0.21875,0.7890625,0.8657786979975022,-1.28173828125,-0.48828125,-0.8544921875
1447,-0.265625,-0.21875,0.796875,0.8679965257706969,-1.5869140625,-0.18310546875,-0.8544921875
1448,-0.27734375,-0.22265625,0.78125,0.8583978820035176,-1.64794921875,0.1220703125,-0.79345703125
1449,-0.28515625,-0.21484375,0.77734375,0.8554152380523669,-1.77001953125,0.3662109375,-0.67138671875
1450,-0.28125,-0.22265625,0.78125,0.8596679188291619,-1.953125,0.48828125,-0.67138671875
1451,-0.28125,-0.21875,0.78515625,0.862220077424588,-2.197265625,0.48828125,-0.732421875
1452,-0.28515625,-0.22265625,0.78125,0.8609538054263568,-2.50244140625,0.48828125,-0.67138671875
1453,-0.26953125,-0.2265625,0.77734375,0.8533703573460206,-2.685546875,0.54931640625,-0.67138671875
1454,-0.265625,-0.21484375,0.78125,0.8526816756791848,-2.99072265625,0.48828125,-0.6103515625
1455,-0.28125,-0.21875,0.77734375,0.8551119404288906,-3.0517578125,0.54931640625,-0.67138671875
1456,-0.2734375,-0.2265625,0.78125,0.858166764278657,-3.173828125,0.48828125,-0.54931640625
1457,-0.2734375,-0.21875,0.77734375,0.852574298563071,-3.11279296875,0.42724609375,-0.48828125
1458,-0.27734375,-0.22265625,0.77734375,0.8548442355143933,-2.99072265625,0.48828125,-0.48828125
1459,-0.26953125,-0.22265625,0.79296875,0.8666154503972263,-3.0517578125,0.42724609375,-0.48828125
1460,-0.28125,-0.22265625,0.7734375,0.852574298563071,-2.99072265625,0.3662109375,-0.48828125
1461,-0.265625,-0.21875,0.76953125,0.8429629575797282,-2.74658203125,0.30517578125,-0.48828125
1462,-0.265625,-0.2265625,0.78125,0.855709512352907,-2.62451171875,0.244140625,-0.48828125
1463,-0.26171875,-0.22265625,0.78125,0.8534776343089636,-2.685546875,0.18310546875,-0.3662109375
1464,-0.27734375,-0.22265625,0.77734375,0.8548442355143933,-2.62451171875,0.18310546875,-0.48828125
1465,-0.2578125,-0.2265625,0.7734375,0.8461698517252609,-2.685546875,0.18310546875,-0.42724609375
1466,-0.265625,-0.22265625,0.7890625,0.861830653432165,-2.74658203125,0.18310546875,-0.42724609375
1467,-0.265625,-0.2265625,0.77734375,0.8521446547947786,-2.685546875,0.244140625,-0.42724609375
1468,-0.26171875,-0.23828125,0.7734375,0.8505764072729592,-2.62451171875,0.42724609375,-0.42724609375
1469,-0.2734375,-0.2265625,0.77734375,0.8546121567568311,-2.62451171875,0.42724609375,-0.48828125
1470,-0.265625,-0.22265625,0.78125,0.8546835723173006,-2.5634765625,0.67138671875,-0.48828125
1471,-0.2734375,-0.22265625,0.78125,0.8571437654036297,-2.50244140625,0.732421875,-0.48828125
1472,-0.27734375,-0.2265625,0.7734375,0.8523236993516973,-2.25830078125,0.79345703125,-0.48828125
1473,-0.265625,-0.21875,0.78125,0.8536742737279834,-2.25830078125,0.91552734375,-0.48828125
1474,-0.26953125,-0.23046875,0.78125,0.8579711544994535,-2.25830078125,0.91552734375,-0.48828125
1475,-0.265625,-0.22265625,0.7890625,0.861830653432165,-2.197265625,0.91552734375,-0.42724609375
1476,-0.29296875,-0.21875,0.7890625,0.8696561848700971,-2.25830078125,0.91552734375,-0.54931640625
1477,-0.26953125,-0.22265625,0.77734375,0.8523416017388142,-2.38037109375,0.91552734375,-0.54931640625
1478,-0.265625,-0.21875,0.78125,0.8536742737279834,-2.50244140625,0.8544921875,-0.48828125
1479,-0.265625,-0.2265625,0.78125,0.855709512352907,-2.685546875,0.732421875,-0.54931640625
1480,-0.265625,-0.21484375,0.78515625,0.8562621178430849,-2.8076171875,0.732421875,-0.54931640625
1481,-0.265625,-0.21875,0.76953125,0.8429629575797282,-2.86865234375,0.6103515625,-0.42724609375
1482,-0.26953125,-0.21875,0.77734375,0.8513295266174109,-2.99072265625,0.67138671875,-0.42724609375
1483,-0.26953125,-0.21875,0.7890625,0.8620430883272672,-3.0517578125,0.732421875,-0.42724609375
1484,-0.26953125,-0.21875,0.78515625,0.8584689826316528,-3.23486328125,0.79345703125,-0.48828125
1485,-0.2734375,-0.21875,0.77734375,0.852574298563071,-3.23486328125,0.8544921875,-0.42724609375
1486,-0.27734375,-0.21875,0.77734375,0.8538351268413154,-3.23486328125,0.91552734375,-0.48828125
1487,-0.2734375,-0.20703125,0.7734375,0.8460706656592358,-3.23486328125,0.9765625,-0.48828125
1488,-0.26953125,-0.21875,0.78515625,0.8584689826316528,-3.11279296875,0.91552734375,-0.48828125
1489,-0.2734375,-0.2265625,0.78125,0.858166764278657,-2.8076171875,0.91552734375,-0.48828125
1490,-0.2734375,-0.22265625,0.7734375,0.8500290809593296,-2.62451171875,0.9765625,-0.42724609375
1491,-0.26953125,-0.21875,0.78515625,0.8584689826316528,-2.5634765625,1.03759765625,-0.48828125
1492,-0.265625,-0.22265625,0.7734375,0.8475482362056524,-2.62451171875,0.9765625,-0.42724609375
1493,-0.2734375,-0.21484375,0.78515625,0.8587177884697481,-2.62451171875,0.9765625,-0.42724609375
1494,-0.27734375,-0.21875,0.78125,0.8573929558050162,-2.62451171875,0.9765625,-0.3662109375
1495,-0.2578125,-0.22265625,0.7890625,0.8594548968541412,-2.8076171875,0.9765625,-0.42724609375
1496,-0.26953125,-0.21875,0.78125,0.8548977832036778,-2.86865234375,0.91552734375,-0.3662109375
1497,-0.27734375,-0.20703125,0.78515625,0.8580511820717267,-2.9296875,0.91552734375,-0.30517578125
1498,-0.26953125,-0.22265625,0.77734375,0.8523416017388142,-3.0517578125,0.79345703125,-0.3662109375
1499,-0.26171875,-0.2265625,0.78125,0.8545050222250379,-3.173828125,0.8544921875,-0.3662109375
1500,-0.26953125,-0.22265625,0.7890625,0.8630425999317038,-3.173828125,0.8544921875,-0.3662109375
1501,-0.2734375,-0.21875,0.7734375,0.8490142491810724,-3.23486328125,0.9765625,-0.30517578125
1502,-0.26953125,-0.21484375,0.77734375,0.8503341915415888,-3.173828125,0.91552734375,-0.244140625
1503,-0.28125,-0.21875,0.78125,0.8586644790021304,-2.99072265625,0.9765625,-0.30517578125
1504,-0.26953125,-0.2265625,0.78125,0.8569301159562619,-2.9296875,0.9765625,-0.30517578125
1505,-0.26171875,-0.2265625,0.78125,0.8545050222250379,-2.9296875,0.8544921875,-0.30517578125
1506,-0.28125,-0.21875,0.78125,0.8586644790021304,-2.99072265625,0.8544921875,-0.30517578125
1507,-0.27734375,-0.22265625,0.77734375,0.8548442355143933,-2.9296875,0.8544921875,-0.244140625
1508,-0.26953125,-0.22265625,0.77734375,0.8523416017388142,-2.86865234375,0.79345703125,-0.30517578125
1509,-0.26171875,-0.21875,0.79296875,0.8632193840954483,-2.9296875,0.732421875,-0.18310546875
1510,-0.28515625,-0.22265625,0.765625,0.8468007635820394,-3.0517578125,0.732421875,-0.18310546875
1511,-0.265625,-0.23046875,0.7734375,0.8496340693250315,-3.0517578125,0.732421875,-0.30517578125
1512,-0.26953125,-0.2265625,0.78515625,0.8604928808809954,-3.11279296875,0.732421875,-0.244140625
1513,-0.28515625,-0.22265625,0.79296875,0.8716015896352458,-3.173828125,0.732421875,-0.18310546875
1514,-0.27734375,-0.21875,0.78125,0.8573929558050162,-3.2958984375,0.79345703125,-0.18310546875
1515,-0.265625,-0.21875,0.78515625,0.8572505701596602,-3.41796875,0.8544921875,-0.244140625
1516,-0.27734375,-0.2265625,0.77734375,0.8558699829614163,-3.5400390625,0.8544921875,-0.18310546875
1517,-0.2734375,-0.2265625,0.7890625,0.8652850754050656,-3.72314453125,0.91552734375,-0.18310546875
1518,-0.27734375,-0.2265625,0.7734375,0.8523236993516973,-3.72314453125,1.03759765625,-0.18310546875
1519,-0.2734375,-0.22265625,0.78125,0.8571437654036297,-3.84521484375,0.9765625,-0.1220703125
1520,-0.26953125,-0.234375,0.76953125,0.8483849834114964,-3.96728515625,0.9765625,-0.1220703125
1521,-0.26953125,-0.2265625,0.77734375,0.8533703573460206,-3.96728515625,1.03759765625,-0.18310546875
1522,-0.26171875,-0.2265625,0.78515625,0.8580778562705572,-4.0283203125,0.9765625,-0.1220703125
1523,-0.26953125,-0.21875,0.79296875,0.8656200642909827,-4.0283203125,1.03759765625,-0.06103515625
1524,-0.28125,-0.22265625,0.77734375,0.856119544122271,-4.08935546875,0.91552734375,-0.1220703125
1525,-0.25,-0.23046875,0.78125,0.852037210001161,-4.150390625,0.91552734375,-0.1220703125
1526,-0.27734375,-0.23046875,0.78515625,0.8640056349959111,-4.2724609375,0.9765625,-0.1220703125
1527,-0.29296875,-0.2109375,0.7734375,0.853540206310788,-4.2724609375,1.03759765625,-0.1220703125
1528,-0.2265625,-0.1875,0.671875,0.7334185926408261,-4.2724609375,0.9765625,0.0
1529,-0.265625,-0.2421875,0.77734375,0.8564313933090686,-4.2724609375,1.03759765625,-0.06103515625
1530,-0.27734375,-0.2265625,0.78515625,0.8629718761259692,-4.21142578125,1.03759765625,-0.06103515625
1531,-0.265625,-0.21875,0.796875,0.8679965257706969,-4.08935546875,1.03759765625,0.0
1532,-0.2734375,-0.21875,0.79296875,0.8668443155393086,-4.0283203125,1.03759765625,-0.1220703125
1533,-0.26953125,-0.22265625,0.78125,0.8559056390108812,-4.0283203125,1.15966796875,-0.06103515625
1534,-0.26953125,-0.21875,0.7734375,0.8477642500322908,-3.96728515625,1.15966796875,-0.06103515625
1535,-0.2734375,-0.21484375,0.78515625,0.8587177884697481,-3.96728515625,1.220703125,-0.1220703125
1536,-0.2734375,-0.2265625,0.76953125,0.8475122285483924,-3.84521484375,1.03759765625,-0.1220703125
1537,-0.265625,-0.2109375,0.78515625,0.8552903638211484,-3.90625,1.220703125,-0.06103515625
1538,-0.26953125,-0.23046875,0.78515625,0.8615296143297615,-3.84521484375,1.15966796875,-0.1220703125
1539,-0.26171875,-0.22265625,0.77734375,0.8499034153535845,-3.7841796875,1.0986328125,-0.18310546875
1540,-0.26953125,-0.22265625,0.78515625,0.8594726507019799,-3.7841796875,1.0986328125,-0.244140625
1541,-0.2734375,-0.22265625,0.796875,0.8714089956474586,-3.7841796875,1.0986328125,-0.18310546875
1542,-0.2734375,-0.23046875,0.79296875,0.8698754793701079,-3.84521484375,1.03759765625,-0.244140625
1543,-0.2734375,-0.2265625,0.7890625,0.8652850754050656,-3.90625,1.0986328125,-0.30517578125
1544,-0.26953125,-0.21875,0.79296875,0.8656200642909827,-3.84521484375,1.15966796875,-0.244140625
1545,-0.26953125,-0.21875,0.79296875,0.8656200642909827,-3.84521484375,1.0986328125,-0.18310546875
1546,-0.2734375,-0.22265625,0.77734375,0.8535848977895374,-3.90625,1.15966796875,-0.244140625
1547,-0.265625,-0.22265625,0.78125,0.8546835723173006,-3.90625,1.15966796875,-0.244140625
1548,-0.28515625,-0.21875,0.78125,0.859951866044875,-3.90625,1.15966796875,-0.18310546875
1549,-0.26953125,-0.2265625,0.78515625,0.8604928808809954,-3.7841796875,1.15966796875,-0.18310546875
1550,-0.27734375,-0.23046875,0.77734375,0.8569123094311853,-3.72314453125,1.0986328125,-0.30517578125
1551,-0.27734375,-0.2265625,0.78515625,0.8629718761259692,-3.60107421875,1.0986328125,-0.244140625
1552,-0.2734375,-0.22265625,0.78515625,0.8607056459582306,-3.47900390625,1.15966796875,-0.244140625
1553,-0.27734375,-0.2265625,0.77734375,0.8558699829614163,-3.41796875,1.0986328125,-0.30517578125
1554,-0.2734375,-0.22265625,0.76953125,0.846476353359546,-3.23486328125,0.9765625,-0.244140625
1555,-0.28125,-0.22265625,0.78515625,0.8632193840954483,-3.11279296875,1.03759765625,-0.244140625
1556,-0.28125,-0.2265625,0.77734375,0.8571437654036297,-3.11279296875,0.9765625,-0.30517578125
1557,-0.27734375,-0.23046875,0.78125,0.860457414919893,-3.2958984375,0.91552734375,-0.18310546875
1558,-0.265625,-0.234375,0.78515625,0.8613701980937479,-3.47900390625,0.9765625,-0.244140625
1559,-0.2734375,-0.21875,0.78125,0.8561373671358178,-3.7841796875,1.03759765625,-0.18310546875
1560,-0.265625,-0.22265625,0.79296875,0.8654085074492999,-4.21142578125,1.0986328125,-0.18310546875
1561,-0.27734375,-0.2265625,0.7734375,0.8523236993516973,-4.45556640625,1.28173828125,-0.18310546875
1562,-0.28125,-0.234375,0.78515625,0.8663160739816979,-4.57763671875,1.3427734375,-0.1220703125
1563,-0.26953125,-0.23046875,0.77734375,0.8544157331868295,-4.638671875,1.28173828125,-0.1220703125
1564,-0.28125,-0.2265625,0.78125,0.8606879175440132,-4.57763671875,1.3427734375,-0.1220703125
1565,-0.26953125,-0.22265625,0.79296875,0.8666154503972263,-4.5166015625,1.40380859375,-0.244140625
1566,-0.26953125,-0.2421875,0.765625,0.8470439897123481,-4.33349609375,1.46484375,-0.18310546875
1567,-0.26953125,-0.2265625,0.78125,0.8569301159562619,-4.33349609375,1.40380859375,0.0
1568,-0.265625,-0.2265625,0.765625,0.8414682689538864,-4.33349609375,1.46484375,0.06103515625
1569,-0.2734375,-0.21875,0.78125,0.8561373671358178,-4.33349609375,1.3427734375,0.06103515625
1570,-0.27734375,-0.21875,0.7734375,0.8502803564532774,-4.0283203125,1.28173828125,0.1220703125
1571,-0.28125,-0.22265625,0.77734375,0.856119544122271,-3.662109375,1.220703125,0.0
1572,-0.28125,-0.2265625,0.77734375,0.8571437654036297,-3.11279296875,1.03759765625,0.0
1573,-0.27734375,-0.22265625,0.77734375,0.8548442355143933,-2.685546875,0.91552734375,0.0
1574,-0.265625,-0.234375,0.77734375,0.8542549893995718,-2.38037109375,0.8544921875,0.0
1575,-0.28515625,-0.21875,0.76953125,0.8493197243327303,-2.197265625,0.91552734375,0.0
1576,-0.26953125,-0.2265625,0.77734375,0.8533703573460206,-2.13623046875,0.8544921875,-0.1220703125
1577,-0.27734375,-0.2265625,0.78125,0.8594193880581893,-2.0751953125,1.03759765625,-0.18310546875
1578,-0.265625,-0.234375,0.78515625,0.8613701980937479,-2.197265625,1.0986328125,-0.3662109375
1579,-0.2734375,-0.23046875,0.77734375,0.8556560154623323,-2.44140625,1.28173828125,-0.42724609375
1580,-0.27734375,-0.234375,0.7734375,0.8544335917409337,-2.62451171875,1.52587890625,-0.48828125
1581,-0.26953125,-0.23828125,0.80078125,0.8778813468685205,-2.99072265625,1.8310546875,-0.54931640625
1582,-0.28515625,-0.234375,0.78125,0.8640586149324955,-3.173828125,2.01416015625,-0.6103515625
1583,-0.28125,-0.234375,0.80078125,0.8805020235505211,-3.662109375,2.3193359375,-0.54931640625
1584,-0.28125,-0.2421875,0.7890625,0.871995399392967,-3.7841796875,2.44140625,-0.42724609375
1585,-0.26953125,-0.24609375,0.78515625,0.8658403810343379,-3.47900390625,2.50244140625,-0.42724609375
1586,-0.2734375,-0.2265625,0.765625,0.8439669859878999,-3.11279296875,2.5634765625,-0.30517578125
1587,-0.28515625,-0.23046875,0.76953125,0.8524132075274218,-2.5634765625,2.44140625,-0.244140625
1588,-0.2734375,-0.22265625,0.75390625,0.832297125946843,-2.13623046875,2.3193359375,-0.06103515625
1589,-0.26953125,-0.21875,0.77734375,0.8513295266174109,-1.8310546875,2.0751953125,-0.1220703125
1590,-0.28125,-0.21875,0.7734375,0.8515625,-1.708984375,1.89208984375,-0.06103515625
1591,-0.265625,-0.2265625,0.78125,0.855709512352907,-1.953125,1.708984375,-0.06103515625
1592,-0.265625,-0.22265625,0.77734375,0.8511144176625872,-2.3193359375,1.52587890625,-0.06103515625
1593,-0.2734375,-0.22265625,0.77734375,0.8535848977895374,-2.685546875,1.3427734375,-0.06103515625
1594,-0.26953125,-0.22265625,0.78515625,0.8594726507019799,-3.173828125,1.15966796875,-0.06103515625
1595,-0.2734375,-0.21875,0.78125,0.8561373671358178,-3.72314453125,0.9765625,-0.1220703125
1596,-0.27734375,-0.21875,0.78125,0.8573929558050162,-4.21142578125,0.91552734375,-0.1220703125
1597,-0.2734375,-0.23828125,0.7734375,0.8542549893995718,-4.39453125,0.9765625,-0.1220703125
1598,-0.28125,-0.22265625,0.796875,0.8738919462891637,-4.638671875,0.91552734375,-0.1220703125
1599,-0.27734375,-0.21875,0.78125,0.8573929558050162,-4.8828125,0.8544921875,-0.06103515625
1600,-0.26953125,-0.21875,0.78515625,0.8584689826316528,-4.94384765625,0.91552734375,0.0
1601,-0.27734375,-0.21875,0.7890625,0.8645176383801041,-5.06591796875,1.0986328125,0.06103515625
1602,-0.265625,-0.22265625,0.78515625,0.8582556630766411,-5.0048828125,1.0986328125,0.1220703125
1603,-0.2734375,-0.22265625,0.7890625,0.8642705022020377,-4.82177734375,1.0986328125,0.06103515625
1604,-0.2578125,-0.22265625,0.77734375,0.8487086640799509,-4.57763671875,1.0986328125,0.06103515625
1605,-0.2734375,-0.22265625,0.78125,0.8571437654036297,-4.33349609375,1.03759765625,0.0
1606,-0.2734375,-0.2265625,0.78515625,0.8617244163458306,-4.08935546875,1.03759765625,0.0
1607,-0.28125,-0.23046875,0.7890625,0.8688135796203996,-3.72314453125,0.9765625,-0.06103515625
1608,-0.27734375,-0.22265625,0.78515625,0.8619545801503624,-3.47900390625,0.91552734375,-0.1220703125
1609,-0.26953125,-0.23046875,0.78125,0.8579711544994535,-3.11279296875,0.91552734375,-0.06103515625
1610,-0.2734375,-0.2265625,0.7890625,0.8652850754050656,-2.9296875,0.8544921875,-0.1220703125
1611,-0.2734375,-0.2265625,0.78515625,0.8617244163458306,-2.9296875,0.91552734375,-0.18310546875
1612,-0.265625,-0.234375,0.78515625,0.8613701980937479,-2.86865234375,0.8544921875,-0.244140625
1613,-0.265625,-0.21875,0.7890625,0.8608297346347011,-2.99072265625,0.8544921875,-0.244140625
1614,-0.2734375,-0.23046875,0.7734375,0.8521088413689079,-3.0517578125,1.03759765625,-0.30517578125
1615,-0.265625,-0.22265625,0.78125,0.8546835723173006,-3.41796875,1.0986328125,-0.3662109375
1616,-0.28125,-0.21875,0.76953125,0.8480161966180614,-3.41796875,1.15966796875,-0.30517578125
1617,-0.28125,-0.23046875,0.77734375,0.8581845447749714,-3.72314453125,1.220703125,-0.30517578125
1618,-0.26953125,-0.2265625,0.78125,0.8569301159562619,-4.0283203125,1.28173828125,-0.3662109375
1619,-0.27734375,-0.2265625,0.77734375,0.8558699829614163,-4.21142578125,1.3427734375,-0.42724609375
1620,-0.27734375,-0.2265625,0.77734375,0.8558699829614163,-4.5166015625,1.40380859375,-0.3662109375
1621,-0.2890625,-0.2265625,0.7734375,0.8562086554799303,-4.638671875,1.3427734375,-0.42724609375
1622,-0.2734375,-0.22265625,0.77734375,0.8535848977895374,-4.82177734375,1.3427734375,-0.3662109375
1623,-0.28515625,-0.22265625,0.78125,0.8609538054263568,-5.06591796875,1.220703125,-0.3662109375
1624,-0.27734375,-0.234375,0.77734375,0.8579711544994535,-5.126953125,1.15966796875,-0.30517578125
1625,-0.26953125,-0.234375,0.76171875,0.8413050513655109,-5.06591796875,1.0986328125,-0.30517578125
1626,-0.27734375,-0.2421875,0.77734375,0.8601381554636296,-4.94384765625,1.03759765625,-0.30517578125
1627,-0.27734375,-0.24609375,0.77734375,0.8612461872874605,-4.82177734375,0.8544921875,-0.1220703125
1628,-0.27734375,-0.21875,0.78125,0.8573929558050162,-4.638671875,0.91552734375,-0.1220703125
1629,-0.28125,-0.2265625,0.7578125,0.8394712109789709,-4.45556640625,0.91552734375,-0.1220703125
1630,-0.27734375,-0.23828125,0.765625,0.8484569231202165,-4.21142578125,0.8544921875,-0.06103515625
1631,-0.28125,-0.22265625,0.7890625,0.8667739019319355,-3.96728515625,0.8544921875,-0.06103515625
1632,-0.2734375,-0.23046875,0.78125,0.8592063044652387,-3.7841796875,0.79345703125,-0.18310546875
1633,-0.26953125,-0.234375,0.7890625,0.8661399218704865,-3.47900390625,0.732421875,-0.18310546875
1634,-0.26953125,-0.234375,0.76953125,0.8483849834114964,-3.41796875,0.67138671875,-0.18310546875
1635,-0.26953125,-0.2265625,0.77734375,0.8533703573460206,-3.35693359375,0.6103515625,-0.18310546875
1636,-0.27734375,-0.234375,0.7734375,0.8544335917409337,-3.35693359375,0.54931640625,-0.18310546875
1637,-0.2734375,-0.234375,0.76953125,0.8496340693250315,-3.35693359375,0.67138671875,-0.244140625
1638,-0.265625,-0.234375,0.77734375,0.8542549893995718,-3.60107421875,0.8544921875,-0.30517578125
1639,-0.27734375,-0.23046875,0.78515625,0.8640056349959111,-3.72314453125,0.9765625,-0.244140625
1640,-0.28125,-0.23046875,0.77734375,0.8581845447749714,-3.84521484375,1.03759765625,-0.18310546875
1641,-0.27734375,-0.2421875,0.78515625,0.8672050955422108,-3.7841796875,1.28173828125,-0.18310546875
1642,-0.2734375,-0.23828125,0.79296875,0.8719779005137545,-3.662109375,1.3427734375,-0.18310546875
1643,-0.2734375,-0.2421875,0.78125,0.8624235699831608,-3.41796875,1.40380859375,-0.1220703125
1644,-0.2734375,-0.23828125,0.78515625,0.864879388944999,-3.2958984375,1.40380859375,-0.1220703125
1645,-0.26171875,-0.2421875,0.765625,0.8445905101780463,-3.0517578125,1.3427734375,-0.1220703125
1646,-0.26171875,-0.2421875,0.77734375,0.8552279198680753,-3.0517578125,1.28173828125,-0.1220703125
1647,-0.27734375,-0.22265625,0.77734375,0.8548442355143933,-3.0517578125,1.15966796875,-0.18310546875
1648,-0.2578125,-0.234375,0.7734375,0.8482950501962746,-3.11279296875,0.91552734375,-0.244140625
1649,-0.28515625,-0.23046875,0.78125,0.8630072387533172,-3.23486328125,0.8544921875,-0.244140625
1650,-0.2578125,-0.234375,0.77734375,0.8518581052295696,-3.35693359375,0.8544921875,-0.30517578125
1651,-0.265625,-0.22265625,0.7890625,0.861830653432165,-3.47900390625,0.732421875,-0.3662109375
1652,-0.27734375,-0.2265625,0.76953125,0.8487805763546166,-3.60107421875,0.79345703125,-0.3662109375
1653,-0.2734375,-0.23046875,0.77734375,0.8556560154623323,-3.90625,0.79345703125,-0.42724609375
1654,-0.265625,-0.22265625,0.78515625,0.8582556630766411,-3.96728515625,0.732421875,-0.48828125
1655,-0.2734375,-0.2265625,0.78125,0.858166764278657,-4.08935546875,0.91552734375,-0.42724609375
1656,-0.28515625,-0.23046875,0.77734375,0.8594726507019799,-4.21142578125,1.03759765625,-0.3662109375
1657,-0.27734375,-0.23046875,0.78125,0.860457414919893,-4.21142578125,1.15966796875,-0.42724609375
1658,-0.26171875,-0.234375,0.7890625,0.8637406865679146,-4.08935546875,1.220703125,-0.3662109375
1659,-0.265625,-0.23828125,0.79296875,0.8695596777698038,-4.0283203125,1.28173828125,-0.3662109375
1660,-0.2734375,-0.2265625,0.77734375,0.8546121567568311,-3.7841796875,1.28173828125,-0.42724609375
1661,-0.2734375,-0.23046875,0.7734375,0.8521088413689079,-3.662109375,1.3427734375,-0.42724609375
1662,-0.27734375,-0.23046875,0.7734375,0.8533703573460206,-3.60107421875,1.3427734375,-0.42724609375
1663,-0.28125,-0.23828125,0.77734375,0.8603155364548667,-3.72314453125,1.3427734375,-0.42724609375
1664,-0.28515625,-0.22265625,0.78515625,0.8644999881389169,-3.84521484375,1.46484375,-0.42724609375
1665,-0.26953125,-0.23046875,0.7734375,0.8508633884821787,-4.0283203125,1.40380859375,-0.42724609375
1666,-0.2734375,-0.23828125,0.77734375,0.8577932887193015,-4.08935546875,1.40380859375,-0.30517578125
1667,-0.2734375,-0.23046875,0.77734375,0.8556560154623323,-4.08935546875,1.28173828125,-0.30517578125
1668,-0.27734375,-0.22265625,0.77734375,0.8548442355143933,-4.0283203125,1.220703125,-0.244140625
1669,-0.26953125,-0.2265625,0.765625,0.8427095002180838,-4.0283203125,1.15966796875,-0.244140625
1670,-0.2734375,-0.23046875,0.78515625,0.8627596699237134,-4.08935546875,1.220703125,-0.244140625
1671,-0.26171875,-0.234375,0.77734375,0.8530484455121087,-4.150390625,1.220703125,-0.18310546875
1672,-0.2734375,-0.23828125,0.77734375,0.8577932887193015,-4.08935546875,1.28173828125,-0.244140625
1673,-0.26171875,-0.23046875,0.7734375,0.8484209540283496,-4.21142578125,1.3427734375,-0.1220703125
1674,-0.28125,-0.24609375,0.77734375,0.862512030033857,-4.2724609375,1.46484375,-0.06103515625
1675,-0.28515625,-0.2265625,0.7734375,0.8548977832036778,-4.21142578125,1.5869140625,-0.06103515625
1676,-0.28515625,-0.23828125,0.78515625,0.8686555001435767,-4.21142578125,1.64794921875,-0.06103515625
1677,-0.2734375,-0.234375,0.78515625,0.8638113474279627,-4.21142578125,1.708984375,0.0
1678,-0.2734375,-0.234375,0.78125,0.860262325997861,-4.2724609375,1.708984375,0.0
1679,-0.26953125,-0.23046875,0.77734375,0.8544157331868295,-4.2724609375,1.708984375,0.06103515625
1680,-0.26953125,-0.22265625,0.78515625,0.8594726507019799,-4.45556640625,1.77001953125,0.0
1681,-0.28125,-0.23828125,0.78125,0.86384667569052,-4.5166015625,1.77001953125,0.0
1682,-0.26171875,-0.234375,0.77734375,0.8530484455121087,-4.45556640625,1.64794921875,0.0
1683,-0.2734375,-0.23046875,0.7734375,0.8521088413689079,-4.33349609375,1.77001953125,0.0
1684,-0.2734375,-0.23828125,0.76953125,0.850719909978822,-4.21142578125,1.5869140625,0.0
1685,-0.27734375,-0.234375,0.77734375,0.8579711544994535,-4.08935546875,1.52587890625,0.0
1686,-0.26953125,-0.23828125,0.7734375,0.8530126700315623,-4.08935546875,1.52587890625,0.0
1687,-0.26953125,-0.2421875,0.7734375,0.854112080636413,-4.08935546875,1.46484375,0.0
1688,-0.265625,-0.23828125,0.78125,0.8588865799548637,-4.08935546875,1.40380859375,-0.06103515625
1689,-0.28125,-0.2265625,0.78125,0.8606879175440132,-4.150390625,1.220703125,0.0
1690,-0.28515625,-0.23828125,0.7734375,0.8580778562705572,-4.2724609375,1.28173828125,0.06103515625
1691,-0.2734375,-0.2265625,0.78125,0.858166764278657,-4.21142578125,1.220703125,0.0
1692,-0.27734375,-0.23046875,0.76171875,0.8427638189268614,-4.45556640625,1.220703125,-0.06103515625
1693,-0.26953125,-0.23046875,0.7734375,0.8508633884821787,-4.5166015625,1.28173828125,-0.06103515625
1694,-0.27734375,-0.23046875,0.76953125,0.8498315980929325,-4.39453125,1.3427734375,0.0
1695,-0.26953125,-0.24609375,0.76953125,0.8516968787322092,-4.5166015625,1.40380859375,-0.06103515625
1696,-0.28125,-0.23046875,0.7734375,0.8546478652830138,-4.5166015625,1.3427734375,-0.06103515625
1697,-0.27734375,-0.23046875,0.77734375,0.8569123094311853,-4.45556640625,1.28173828125,-0.06103515625
1698,-0.265625,-0.25,0.765625,0.8480791715694944,-4.39453125,1.40380859375,-0.06103515625
1699,-0.2734375,-0.2421875,0.76953125,0.8518222797562074,-4.39453125,1.46484375,0.06103515625
1700,-0.2734375,-0.23828125,0.7734375,0.8542549893995718,-4.2724609375,1.40380859375,-0.06103515625
1701,-0.265625,-0.24609375,0.77734375,0.8575442146490903,-4.21142578125,1.3427734375,-0.06103515625
1702,-0.28515625,-0.23046875,0.78515625,0.8665450181927581,-4.08935546875,1.40380859375,-0.06103515625
1703,-0.2734375,-0.23046875,0.78125,0.8592063044652387,-3.96728515625,1.40380859375,-0.1220703125
1704,-0.2734375,-0.2421875,0.77734375,0.8588865799548637,-3.84521484375,1.40380859375,-0.06103515625
1705,-0.27734375,-0.234375,0.7734375,0.8544335917409337,-3.84521484375,1.3427734375,-0.18310546875
1706,-0.27734375,-0.25,0.7734375,0.858851047662115,-3.662109375,1.3427734375,-0.18310546875
1707,-0.27734375,-0.23046875,0.78125,0.860457414919893,-3.41796875,1.28173828125,-0.18310546875
1708,-0.265625,-0.23828125,0.7734375,0.8517864527760538,-3.2958984375,1.220703125,-0.18310546875
1709,-0.27734375,-0.234375,0.7734375,0.8544335917409337,-3.23486328125,1.15966796875,-0.244140625
1710,-0.28515625,-0.22265625,0.78515625,0.8644999881389169,-3.11279296875,1.15966796875,-0.30517578125
1711,-0.28515625,-0.23828125,0.76953125,0.8545585911698433,-3.11279296875,1.0986328125,-0.18310546875
1712,-0.28125,-0.234375,0.77734375,0.8592418220670258,-3.173828125,1.0986328125,-0.18310546875
1713,-0.28125,-0.23828125,0.7734375,0.8567876533936588,-3.173828125,0.9765625,-0.244140625
1714,-0.28515625,-0.23046875,0.77734375,0.8594726507019799,-3.11279296875,1.03759765625,-0.30517578125
1715,-0.26953125,-0.23828125,0.765625,0.8459353931909487,-3.11279296875,0.9765625,-0.244140625
1716,-0.26953125,-0.25,0.77734375,0.8598897606034305,-3.0517578125,0.9765625,-0.3662109375
1717,-0.26953125,-0.2421875,0.77734375,0.8576509695364863,-2.9296875,1.03759765625,-0.30517578125
1718,-0.27734375,-0.2421875,0.77734375,0.8601381554636296,-2.8076171875,0.9765625,-0.30517578125
1719,-0.27734375,-0.24609375,0.77734375,0.8612461872874605,-2.685546875,1.03759765625,-0.30517578125
1720,-0.2734375,-0.234375,0.7734375,0.8531736478803714,-2.44140625,0.91552734375,-0.3662109375
1721,-0.27734375,-0.23046875,0.76953125,0.8498315980929325,-2.38037109375,0.91552734375,-0.3662109375
1722,-0.28515625,-0.234375,0.7734375,0.8570013383567803,-2.25830078125,0.91552734375,-0.3662109375
1723,-0.26953125,-0.234375,0.76953125,0.8483849834114964,-2.197265625,0.91552734375,-0.3662109375
1724,-0.28125,-0.23046875,0.7734375,0.8546478652830138,-2.197265625,0.8544921875,-0.42724609375
1725,-0.265625,-0.23828125,0.76953125,0.848241085690339,-2.38037109375,0.732421875,-0.42724609375
1726,-0.28125,-0.24609375,0.77734375,0.862512030033857,-2.38037109375,0.79345703125,-0.42724609375
1727,-0.28515625,-0.23828125,0.77734375,0.8616004565224461,-2.50244140625,0.732421875,-0.3662109375
1728,-0.28125,-0.23828125,0.77734375,0.8603155364548667,-2.50244140625,0.79345703125,-0.48828125
1729,-0.27734375,-0.23046875,0.78125,0.860457414919893,-2.62451171875,0.8544921875,-0.3662109375
1730,-0.265625,-0.23828125,0.77734375,0.8553349638537086,-2.5634765625,0.732421875,-0.42724609375
1731,-0.26953125,-0.2421875,0.7734375,0.854112080636413,-2.38037109375,0.732421875,-0.42724609375
1732,-0.265625,-0.2578125,0.78125,0.8645088133045551,-2.38037109375,0.732421875,-0.48828125
1733,-0.27734375,-0.23046875,0.77734375,0.8569123094311853,-2.13623046875,0.79345703125,-0.42724609375
1734,-0.28125,-0.234375,0.7734375,0.855709512352907,-2.197265625,0.8544921875,-0.30517578125
1735,-0.26953125,-0.234375,0.78125,0.859028694428517,-2.38037109375,0.732421875,-0.3662109375
1736,-0.27734375,-0.234375,0.76953125,0.8508992543278111,-2.3193359375,0.6103515625,-0.30517578125
1737,-0.2890625,-0.234375,0.76953125,0.854790684470656,-2.25830078125,0.67138671875,-0.3662109375
1738,-0.28125,-0.234375,0.76953125,0.8521804667155676,-2.13623046875,0.67138671875,-0.30517578125
1739,-0.2890625,-0.234375,0.7734375,0.8583089979357668,-1.8310546875,0.6103515625,-0.30517578125
1740,-0.27734375,-0.23828125,0.79296875,0.8732107123954604,-1.64794921875,0.54931640625,-0.18310546875
1741,-0.28125,-0.234375,0.76953125,0.8521804667155676,-1.28173828125,0.54931640625,-0.244140625
1742,-0.27734375,-0.234375,0.77734375,0.8579711544994535,-1.0986328125,0.48828125,-0.244140625
1743,-0.2734375,-0.24609375,0.78125,0.8635286692955322,-0.8544921875,0.54931640625,-0.3662109375
1744,-0.26953125,-0.23828125,0.7734375,0.8530126700315623,-0.732421875,0.6103515625,-0.3662109375
1745,-0.2734375,-0.2421875,0.76171875,0.8447711557954986,-0.79345703125,0.67138671875,-0.3662109375
1746,-0.27734375,-0.24609375,0.78125,0.8647735263947001,-0.9765625,0.8544921875,-0.48828125
1747,-0.28125,-0.2421875,0.76953125,0.8543621552847555,-1.220703125,0.9765625,-0.54931640625
1748,-0.27734375,-0.24609375,0.78515625,0.8683041093805716,-1.708984375,1.15966796875,-0.6103515625
1749,-0.26953125,-0.2421875,0.78125,0.8611930343324965,-1.953125,1.3427734375,-0.67138671875
1750,-0.2734375,-0.25,0.78125,0.8646500037045336,-2.197265625,1.5869140625,-0.54931640625
1751,-0.28125,-0.234375,0.78515625,0.8663160739816979,-2.25830078125,1.77001953125,-0.48828125
1752,-0.26953125,-0.24609375,0.7890625,0.8693841828684686,-2.197265625,1.77001953125,-0.3662109375
1753,-0.27734375,-0.25,0.78125,0.8658932487114462,-1.708984375,1.89208984375,-0.30517578125
1754,-0.2734375,-0.234375,0.7578125,0.8390348575521163,-1.0986328125,1.708984375,-0.18310546875
1755,-0.27734375,-0.23046875,0.7578125,0.8392348810356223,-0.6103515625,1.52587890625,-0.18310546875
1756,-0.28125,-0.2265625,0.765625,0.846530430363404,-0.30517578125,1.3427734375,-0.18310546875
1757,-0.2890625,-0.21875,0.7578125,0.8400526629697093,0.1220703125,1.28173828125,-0.18310546875
1758,-0.28125,-0.22265625,0.765625,0.8454933523032943,0.18310546875,1.15966796875,-0.18310546875
1759,-0.28515625,-0.23046875,0.76953125,0.8524132075274218,0.244140625,1.03759765625,-0.18310546875
1760,-0.2734375,-0.24609375,0.76953125,0.8529411145688048,0.18310546875,0.9765625,-0.18310546875
1761,-0.2734375,-0.2265625,0.7578125,0.8368861439698653,-0.1220703125,0.79345703125,-0.18310546875
1762,-0.2734375,-0.234375,0.78125,0.860262325997861,-0.48828125,0.8544921875,-0.244140625
1763,-0.27734375,-0.23046875,0.7734375,0.8533703573460206,-0.91552734375,0.79345703125,-0.244140625
1764,-0.26953125,-0.234375,0.78125,0.859028694428517,-1.15966796875,0.67138671875,-0.30517578125
1765,-0.265625,-0.22265625,0.78125,0.8546835723173006,-1.3427734375,0.79345703125,-0.244140625
1766,-0.27734375,-0.21875,0.7734375,0.8502803564532774,-1.52587890625,0.79345703125,-0.244140625
1767,-0.2734375,-0.22265625,0.77734375,0.8535848977895374,-1.708984375,0.79345703125,-0.18310546875
1768,-0.27734375,-0.23046875,0.7890625,0.8675569314441992,-2.01416015625,0.8544921875,-0.18310546875
1769,-0.28125,-0.23046875,0.78125,0.8617244163458306,-2.197265625,0.91552734375,-0.1220703125
1770,-0.27734375,-0.2265625,0.77734375,0.8558699829614163,-2.3193359375,0.8544921875,-0.30517578125
1771,-0.27734375,-0.2265625,0.76953125,0.8487805763546166,-2.197265625,0.79345703125,-0.18310546875
1772,-0.2734375,-0.23828125,0.76953125,0.850719909978822,-2.197265625,0.67138671875,-0.30517578125
1773,-0.2734375,-0.23046875,0.78125,0.8592063044652387,-2.01416015625,0.67138671875,-0.3662109375
1774,-0.2734375,-0.23046875,0.76953125,0.8485648212478378,-1.8310546875,0.6103515625,-0.48828125
1775,-0.26953125,-0.23046875,0.7734375,0.8508633884821787,-1.708984375,0.6103515625,-0.30517578125
1776,-0.265625,-0.234375,0.78125,0.8578110769569253,-1.5869140625,0.6103515625,-0.42724609375
1777,-0.26953125,-0.23046875,0.77734375,0.8544157331868295,-1.40380859375,0.48828125,-0.3662109375
1778,-0.26953125,-0.234375,0.7734375,0.8519297516566801,-1.3427734375,0.6103515625,-0.42724609375
1779,-0.2734375,-0.2265625,0.78125,0.858166764278657,-1.220703125,0.54931640625,-0.3662109375
1780,-0.265625,-0.23046875,0.78515625,0.8603155364548667,-1.0986328125,0.67138671875,-0.3662109375
1781,-0.27734375,-0.23046875,0.78515625,0.8640056349959111,-1.0986328125,0.732421875,-0.3662109375
1782,-0.27734375,-0.22265625,0.78125,0.8583978820035176,-1.220703125,0.732421875,-0.30517578125
1783,-0.28515625,-0.22265625,0.765625,0.8468007635820394,-1.28173828125,0.732421875,-0.30517578125
1784,-0.296875,-0.2265625,0.78125,0.8659196813395859,-1.46484375,0.8544921875,-0.30517578125
1785,-0.28125,-0.23046875,0.78125,0.8617244163458306,-1.5869140625,0.79345703125,-0.30517578125
1786,-0.27734375,-0.23828125,0.7734375,0.8555133407328462,-1.708984375,0.79345703125,-0.3662109375
1787,-0.27734375,-0.23828125,0.76953125,0.8519834825230989,-1.89208984375,0.79345703125,-0.30517578125
1788,-0.26953125,-0.23046875,0.7734375,0.8508633884821787,-1.953125,0.732421875,-0.30517578125
1789,-0.28125,-0.22265625,0.77734375,0.856119544122271,-1.953125,0.67138671875,-0.3662109375
1790,-0.27734375,-0.23046875,0.77734375,0.8569123094311853,-2.25830078125,0.6103515625,-0.3662109375
1791,-0.28125,-0.234375,0.78125,0.8627773557674077,-2.3193359375,0.54931640625,-0.30517578125
1792,-0.28515625,-0.22265625,0.7734375,0.8538708678625679,-2.3193359375,0.48828125,-0.30517578125
1793,-0.28125,-0.234375,0.78125,0.8627773557674077,-2.3193359375,0.42724609375,-0.30517578125
1794,-0.2734375,-0.23046875,0.77734375,0.8556560154623323,-2.197265625,0.3662109375,-0.3662109375
1795,-0.28125,-0.23046875,0.78515625,0.8652674408185165,-2.0751953125,0.3662109375,-0.30517578125
1796,-0.28125,-0.234375,0.77734375,0.8592418220670258,-1.953125,0.3662109375,-0.244140625
1797,-0.2890625,-0.234375,0.77734375,0.861830653432165,-1.708984375,0.3662109375,-0.18310546875
1798,-0.29296875,-0.22265625,0.7734375,0.8565115647478877,-1.52587890625,0.3662109375,-0.06103515625
1799,-0.2890625,-0.21875,0.7734375,0.8541746061622881,-1.46484375,0.30517578125,-0.1220703125
1800,-0.2734375,-0.23046875,0.78515625,0.8627596699237134,-1.3427734375,0.244140625,-0.18310546875
1801,-0.28125,-0.2265625,0.77734375,0.8571437654036297,-1.52587890625,0.244140625,-0.244140625
1802,-0.2734375,-0.2265625,0.7734375,0.8510606319286247,-1.5869140625,0.1220703125,-0.244140625
1803,-0.265625,-0.23046875,0.78125,0.8567520340516049,-1.5869140625,0.1220703125,-0.30517578125
1804,-0.265625,-0.234375,0.77734375,0.8542549893995718,-1.708984375,0.1220703125,-0.30517578125
1805,-0.27734375,-0.23828125,0.78515625,0.8661223046889437,-1.8310546875,0.30517578125,-0.244140625
1806,-0.27734375,-0.2421875,0.765625,0.8495622292953663,-2.01416015625,0.30517578125,-0.244140625
1807,-0.2734375,-0.234375,0.78125,0.860262325997861,-2.0751953125,0.30517578125,-0.244140625
1808,-0.26953125,-0.234375,0.77734375,0.8554776683325083,-2.01416015625,0.54931640625,-0.30517578125
1809,-0.26953125,-0.23046875,0.76953125,0.8473141590813218,-2.0751953125,0.67138671875,-0.30517578125
1810,-0.26953125,-0.23828125,0.77734375,0.8565561011937207,-1.89208984375,0.67138671875,-0.30517578125
1811,-0.28125,-0.23046875,0.78125,0.8617244163458306,-1.77001953125,0.732421875,-0.42724609375
1812,-0.265625,-0.22265625,0.78125,0.8546835723173006,-1.64794921875,0.732421875,-0.30517578125
1813,-0.26953125,-0.2421875,0.78125,0.8611930343324965,-1.5869140625,0.732421875,-0.3662109375
1814,-0.28125,-0.22265625,0.7734375,0.852574298563071,-1.52587890625,0.67138671875,-0.42724609375
1815,-0.27734375,-0.21875,0.78515625,0.8609538054263568,-1.5869140625,0.67138671875,-0.3662109375
1816,-0.26953125,-0.23046875,0.7734375,0.8508633884821787,-1.64794921875,0.54931640625,-0.3662109375
1817,-0.27734375,-0.22265625,0.77734375,0.8548442355143933,-1.64794921875,0.54931640625,-0.3662109375
1818,-0.26953125,-0.2265625,0.76953125,0.8462600107882772,-1.77001953125,0.48828125,-0.42724609375
1819,-0.2734375,-0.21875,0.76953125,0.8454572571294261,-1.953125,0.3662109375,-0.42724609375
1820,-0.27734375,-0.21875,0.7734375,0.8502803564532774,-1.953125,0.3662109375,-0.42724609375
1821,-0.26171875,-0.2265625,0.78125,0.8545050222250379,-2.01416015625,0.42724609375,-0.3662109375
1822,-0.26953125,-0.2265625,0.78125,0.8569301159562619,-2.01416015625,0.42724609375,-0.3662109375
1823,-0.2734375,-0.22265625,0.78515625,0.8607056459582306,-2.0751953125,0.3662109375,-0.48828125
1824,-0.28125,-0.23046875,0.78515625,0.8652674408185165,-2.01416015625,0.42724609375,-0.54931640625
1825,-0.26953125,-0.21875,0.77734375,0.8513295266174109,-1.89208984375,0.6103515625,-0.48828125
1826,-0.28515625,-0.2265625,0.78125,0.861972282512792,-1.8310546875,0.67138671875,-0.6103515625
1827,-0.28125,-0.2265625,0.77734375,0.8571437654036297,-1.52587890625,0.67138671875,-0.54931640625
1828,-0.27734375,-0.2265625,0.77734375,0.8558699829614163,-1.3427734375,0.67138671875,-0.54931640625
1829,-0.27734375,-0.23046875,0.77734375,0.8569123094311853,-1.3427734375,0.732421875,-0.54931640625
1830,-0.28515625,-0.23046875,0.78125,0.8630072387533172,-1.28173828125,0.732421875,-0.54931640625
1831,-0.28125,-0.22265625,0.7734375,0.852574298563071,-1.40380859375,0.67138671875,-0.54931640625
1832,-0.2734375,-0.22265625,0.7734375,0.8500290809593296,-1.46484375,0.67138671875,-0.48828125
1833,-0.26953125,-0.2265625,0.78125,0.8569301159562619,-1.52587890625,0.732421875,-0.48828125
1834,-0.2734375,-0.2265625,0.7734375,0.8510606319286247,-1.64794921875,0.67138671875,-0.48828125
1835,-0.2578125,-0.2421875,0.7890625,0.8647205902595069,-1.77001953125,0.732421875,-0.42724609375
1836,-0.26171875,-0.23046875,0.79296875,0.8662632321094366,-1.8310546875,0.732421875,-0.42724609375
1837,-0.2890625,-0.23046875,0.7734375,0.8572505701596602,-1.89208984375,0.732421875,-0.42724609375
1838,-0.265625,-0.22265625,0.79296875,0.8654085074492999,-1.953125,0.79345703125,-0.3662109375
1839,-0.2734375,-0.22265625,0.78125,0.8571437654036297,-1.89208984375,0.79345703125,-0.42724609375
1840,-0.28125,-0.22265625,0.78515625,0.8632193840954483,-2.13623046875,0.8544921875,-0.3662109375
1841,-0.26953125,-0.2265625,0.78515625,0.8604928808809954,-2.0751953125,0.732421875,-0.3662109375
1842,-0.26953125,-0.2265625,0.76171875,0.8391621507398763,-2.0751953125,0.732421875,-0.30517578125
1843,-0.2734375,-0.2265625,0.78125,0.858166764278657,-2.13623046875,0.732421875,-0.3662109375
1844,-0.265625,-0.21875,0.77734375,0.8501008815364577,-2.01416015625,0.79345703125,-0.3662109375
1845,-0.27734375,-0.23046875,0.7734375,0.8533703573460206,-1.89208984375,0.732421875,-0.3662109375
1846,-0.28125,-0.2265625,0.76953125,0.8500649820059714,-1.953125,0.67138671875,-0.30517578125
1847,-0.26953125,-0.23046875,0.78515625,0.8615296143297615,-1.953125,0.67138671875,-0.3662109375
1848,-0.265625,-0.22265625,0.78515625,0.8582556630766411,-1.89208984375,0.6103515625,-0.42724609375
1849,-0.28125,-0.23046875,0.7890625,0.8688135796203996,-1.953125,0.67138671875,-0.3662109375
1850,-0.26953125,-0.23046875,0.77734375,0.8544157331868295,-2.01416015625,0.67138671875,-0.3662109375
1851,-0.28515625,-0.22265625,0.77734375,0.8574107523481307,-2.13623046875,0.6103515625,-0.3662109375
1852,-0.26953125,-0.2265625,0.765625,0.8427095002180838,-2.0751953125,0.6103515625,-0.30517578125
1853,-0.24609375,-0.21875,0.78125,0.8478002469857286,-1.953125,0.67138671875,-0.30517578125
1854,-0.265625,-0.234375,0.76171875,0.8400617449637631,-1.89208984375,0.67138671875,-0.42724609375
1855,-0.27734375,-0.234375,0.7734375,0.8544335917409337,-2.0751953125,0.732421875,-0.30517578125
1856,-0.265625,-0.234375,0.7734375,0.8507019734644149,-1.89208984375,0.6103515625,-0.244140625
1857,-0.26953125,-0.2265625,0.77734375,0.8533703573460206,-1.708984375,0.79345703125,-0.244140625
1858,-0.26953125,-0.2265625,0.76953125,0.8462600107882772,-1.5869140625,0.67138671875,-0.244140625
1859,-0.26171875,-0.2265625,0.76953125,0.843804251728074,-1.40380859375,0.6103515625,-0.18310546875
1860,-0.26171875,-0.234375,0.7734375,0.8494903831903058,-1.3427734375,0.48828125,-0.244140625
1861,-0.26953125,-0.23046875,0.77734375,0.8544157331868295,-1.15966796875,0.42724609375,-0.244140625
1862,-0.2734375,-0.2265625,0.77734375,0.8546121567568311,-1.0986328125,0.3662109375,-0.18310546875
1863,-0.28125,-0.2421875,0.77734375,0.8614056264735636,-1.220703125,0.3662109375,-0.30517578125
1864,-0.26953125,-0.22265625,0.7734375,0.8487805763546166,-1.220703125,0.42724609375,-0.30517578125
1865,-0.28125,-0.2265625,0.76953125,0.8500649820059714,-1.28173828125,0.42724609375,-0.18310546875
1866,-0.2734375,-0.23046875,0.7890625,0.8663160739816979,-1.40380859375,0.30517578125,-0.244140625
1867,-0.2734375,-0.2265625,0.76953125,0.8475122285483924,-1.52587890625,0.30517578125,-0.3662109375
1868,-0.28515625,-0.22265625,0.78515625,0.8644999881389169,-1.64794921875,0.3662109375,-0.3662109375
1869,-0.2734375,-0.23828125,0.7890625,0.8684271123209262,-1.64794921875,0.3662109375,-0.3662109375
1870,-0.265625,-0.23046875,0.77734375,0.8531915324331489,-1.708984375,0.42724609375,-0.3662109375
1871,-0.28125,-0.21875,0.78125,0.8586644790021304,-1.77001953125,0.42724609375,-0.3662109375
1872,-0.25390625,-0.22265625,0.78125,0.8511144176625872,-1.77001953125,0.42724609375,-0.42724609375
1873,-0.2734375,-0.2265625,0.78125,0.858166764278657,-1.89208984375,0.42724609375,-0.42724609375
1874,-0.28125,-0.22265625,0.7578125,0.8384254011659669,-2.01416015625,0.42724609375,-0.42724609375
1875,-0.2734375,-0.22265625,0.76953125,0.846476353359546,-2.13623046875,0.3662109375,-0.48828125
1876,-0.2734375,-0.2265625,0.7890625,0.8652850754050656,-2.25830078125,0.6103515625,-0.48828125
1877,-0.2734375,-0.22265625,0.7890625,0.8642705022020377,-2.197265625,0.67138671875,-0.48828125
1878,-0.2734375,-0.21875,0.77734375,0.852574298563071,-2.25830078125,0.6103515625,-0.54931640625
1879,-0.26171875,-0.22265625,0.78515625,0.8570547512730371,-2.25830078125,0.732421875,-0.48828125
1880,-0.26953125,-0.21875,0.77734375,0.8513295266174109,-2.25830078125,0.732421875,-0.48828125
1881,-0.27734375,-0.2265625,0.77734375,0.8558699829614163,-2.25830078125,0.732421875,-0.48828125
1882,-0.26953125,-0.21484375,0.78125,0.8539066073878484,-2.25830078125,0.67138671875,-0.42724609375
1883,-0.27734375,-0.21484375,0.76953125,0.8457279333832408,-2.197265625,0.54931640625,-0.42724609375
1884,-0.2890625,-0.21875,0.78515625,0.8647999932471742,-2.25830078125,0.54931640625,-0.3662109375
1885,-0.2734375,-0.2265625,0.76953125,0.8475122285483924,-2.13623046875,0.54931640625,-0.3662109375
1886,-0.26953125,-0.22265625,0.7734375,0.8487805763546166,-2.0751953125,0.6103515625,-0.54931640625
1887,-0.27734375,-0.22265625,0.78125,0.8583978820035176,-2.0751953125,0.6103515625,-0.3662109375
1888,-0.26953125,-0.23046875,0.78125,0.8579711544994535,-2.13623046875,0.54931640625,-0.42724609375
1889,-0.27734375,-0.23046875,0.7734375,0.8533703573460206,-2.01416015625,0.3662109375,-0.42724609375
1890,-0.28125,-0.21875,0.78515625,0.862220077424588,-1.8310546875,0.3662109375,-0.48828125
1891,-0.26171875,-0.2265625,0.78125,0.8545050222250379,-1.708984375,0.3662109375,-0.48828125
1892,-0.28125,-0.22265625,0.77734375,0.856119544122271,-1.5869140625,0.48828125,-0.48828125
1893,-0.26953125,-0.2265625,0.79296875,0.8676272815036276,-1.5869140625,0.42724609375,-0.48828125
1894,-0.26953125,-0.22265625,0.77734375,0.8523416017388142,-1.52587890625,0.3662109375,-0.6103515625
1895,-0.26953125,-0.2265625,0.79296875,0.8676272815036276,-1.708984375,0.42724609375,-0.6103515625
1896,-0.26953125,-0.22265625,0.77734375,0.8523416017388142,-1.8310546875,0.48828125,-0.48828125
1897,-0.26953125,-0.22265625,0.78125,0.8559056390108812,-2.01416015625,0.42724609375,-0.48828125
1898,-0.2734375,-0.22265625,0.78125,0.8571437654036297,-2.25830078125,0.3662109375,-0.48828125
1899,-0.265625,-0.21875,0.78125,0.8536742737279834,-2.25830078125,0.244140625,-0.6103515625
1900,-0.2734375,-0.22265625,0.77734375,0.8535848977895374,-2.3193359375,0.244140625,-0.6103515625
1901,-0.26953125,-0.2265625,0.78125,0.8569301159562619,-2.13623046875,0.42724609375,-0.54931640625
1902,-0.265625,-0.22265625,0.76171875,0.8368679109576522,-2.13623046875,0.42724609375,-0.54931640625
1903,-0.2734375,-0.21875,0.7734375,0.8490142491810724,-2.25830078125,0.3662109375,-0.42724609375
1904,-0.28125,-0.22265625,0.765625,0.8454933523032943,-2.50244140625,0.30517578125,-0.42724609375
1905,-0.2734375,-0.21484375,0.78515625,0.8587177884697481,-2.44140625,0.30517578125,-0.3662109375
1906,-0.265625,-0.21875,0.78515625,0.8572505701596602,-2.44140625,0.30517578125,-0.30517578125
1907,-0.265625,-0.21875,0.7890625,0.8608297346347011,-2.3193359375,0.30517578125,-0.30517578125
1908,-0.27734375,-0.22265625,0.78125,0.8583978820035176,-2.13623046875,0.18310546875,-0.48828125
1909,-0.26953125,-0.21875,0.77734375,0.8513295266174109,-2.01416015625,-0.18310546875,-0.54931640625
1910,-0.2734375,-0.22265625,0.79296875,0.8678382974649569,-2.25830078125,-0.30517578125,-0.54931640625
1911,-0.26953125,-0.2109375,0.78125,0.8529321697138715,-2.01416015625,-0.42724609375,-0.48828125
1912,-0.2734375,-0.21875,0.77734375,0.852574298563071,-1.89208984375,-0.67138671875,-0.18310546875
1913,-0.2734375,-0.21875,0.76171875,0.8383526006447481,-0.8544921875,-0.244140625,-0.3662109375
1914,-0.2890625,-0.2265625,0.78125,0.8632724122850793,-0.06103515625,0.0,-0.54931640625
1915,-0.26171875,-0.2265625,0.7734375,0.8473681826184309,-0.06103515625,0.30517578125,-0.67138671875
1916,-0.2734375,-0.22265625,0.7890625,0.8642705022020377,-0.54931640625,0.42724609375,-0.91552734375
1917,-0.26953125,-0.21875,0.79296875,0.8656200642909827,-1.15966796875,0.67138671875,-0.8544921875
1918,-0.26171875,-0.2265625,0.7734375,0.8473681826184309,-1.5869140625,0.9765625,-0.732421875
1919,-0.2734375,-0.23828125,0.79296875,0.8719779005137545,-2.0751953125,1.3427734375,-0.6103515625
1920,-0.26953125,-0.234375,0.80078125,0.8768291428226624,-2.38037109375,1.5869140625,-0.67138671875
1921,-0.265625,-0.234375,0.796875,0.8720653913984892,-2.3193359375,1.708984375,-0.54931640625
1922,-0.28125,-0.2265625,0.765625,0.846530430363404,-2.01416015625,1.708984375,-0.42724609375
1923,-0.26953125,-0.21875,0.78125,0.8548977832036778,-1.46484375,1.708984375,-0.3662109375
1924,-0.265625,-0.21484375,0.7578125,0.8312606466658412,-1.03759765625,1.5869140625,-0.3662109375
1925,-0.2734375,-0.22265625,0.76953125,0.846476353359546,-0.67138671875,1.5869140625,-0.30517578125
1926,-0.26171875,-0.22265625,0.78515625,0.8570547512730371,-0.18310546875,1.52587890625,-0.18310546875
1927,-0.265625,-0.23046875,0.7734375,0.8496340693250315,0.30517578125,1.40380859375,-0.3662109375
1928,-0.27734375,-0.2265625,0.77734375,0.8558699829614163,0.6103515625,1.28173828125,-0.3662109375
1929,-0.2734375,-0.22265625,0.76953125,0.846476353359546,0.79345703125,1.03759765625,-0.42724609375
1930,-0.2578125,-0.22265625,0.77734375,0.8487086640799509,0.8544921875,0.6103515625,-0.54931640625
1931,-0.25390625,-0.21875,0.78125,0.8501008815364577,0.67138671875,0.3662109375,-0.42724609375
1932,-0.27734375,-0.21484375,0.7734375,0.8492837917824495,0.6103515625,0.06103515625,-0.244140625
1933,-0.27734375,-0.2109375,0.7734375,0.8483040439468401,0.3662109375,-0.244140625,-0.48828125
1934,-0.26953125,-0.21875,0.78515625,0.8584689826316528,0.0,-0.30517578125,-0.67138671875
1935,-0.26953125,-0.20703125,0.78515625,0.8555579291416727,-0.1220703125,-0.18310546875,-0.54931640625
1936,-0.2421875,-0.22265625,0.79296875,0.8585045307375349,-0.30517578125,0.0,0.18310546875
1937,-0.2734375,-0.20703125,0.78125,0.8532183585594092,-0.54931640625,0.0,0.54931640625
1938,-0.27734375,-0.2265625,0.78515625,0.8629718761259692,-0.91552734375,0.54931640625,-0.06103515625
1939,-0.26953125,-0.21875,0.78515625,0.8584689826316528,-1.46484375,0.6103515625,-0.48828125
1940,-0.265625,-0.21875,0.7890625,0.8608297346347011,-2.0751953125,0.6103515625,-0.48828125
1941,-0.26953125,-0.2109375,0.78515625,0.8565115647478877,-2.38037109375,0.6103515625,-0.6103515625
1942,-0.2578125,-0.21875,0.8046875,0.8728349330271447,-2.5634765625,0.732421875,-0.6103515625
1943,-0.265625,-0.21875,0.796875,0.8679965257706969,-2.3193359375,0.67138671875,-0.67138671875
1944,-0.26953125,-0.21484375,0.78515625,0.8574819348270186,-1.953125,0.67138671875,-0.54931640625
1945,-0.26171875,-0.22265625,0.7890625,0.8606347301102105,-1.77001953125,0.6103515625,-0.54931640625
1946,-0.25390625,-0.2109375,0.7890625,0.8553260440332461,-1.5869140625,0.6103515625,-0.54931640625
1947,-0.265625,-0.21875,0.7734375,0.846530430363404,-1.40380859375,0.3662109375,-0.48828125
1948,-0.2734375,-0.21484375,0.78125,0.8551476280855327,-1.3427734375,0.1220703125,-0.48828125
1949,-0.28125,-0.21875,0.7890625,0.8657786979975022,-1.28173828125,0.1220703125,-0.54931640625
1950,-0.26953125,-0.22265625,0.78125,0.8559056390108812,-1.220703125,0.1220703125,-0.54931640625
1951,-0.2734375,-0.21875,0.7890625,0.8632724122850793,-1.3427734375,-0.1220703125,-0.6103515625
1952,-0.265625,-0.2109375,0.78515625,0.8552903638211484,-1.77001953125,-0.48828125,-0.732421875
1953,-0.26953125,-0.21875,0.7890625,0.8620430883272672,-1.89208984375,-0.42724609375,-0.79345703125
1954,-0.26953125,-0.21875,0.7734375,0.8477642500322908,-2.0751953125,-0.6103515625,-0.79345703125
1955,-0.2578125,-0.21484375,0.7734375,0.8431077561477907,-2.50244140625,-0.9765625,-0.8544921875
1956,-0.26953125,-0.2109375,0.796875,0.8672666771286744,-2.62451171875,-0.6103515625,-0.79345703125
1957,-0.26953125,-0.21484375,0.79296875,0.8646411799799889,-2.5634765625,-0.18310546875,-0.732421875
1958,-0.26953125,-0.21875,0.78125,0.8548977832036778,-2.685546875,-0.1220703125,-0.732421875
1959,-0.26953125,-0.21484375,0.78515625,0.8574819348270186,-2.74658203125,0.1220703125,-0.67138671875
1960,-0.27734375,-0.22265625,0.78515625,0.8619545801503624,-2.86865234375,0.30517578125,-0.6103515625
1961,-0.265625,-0.2109375,0.765625,0.8373965071316276,-2.86865234375,0.30517578125,-0.6103515625
1962,-0.2734375,-0.22265625,0.76953125,0.846476353359546,-2.9296875,0.48828125,-0.6103515625
1963,-0.265625,-0.22265625,0.7734375,0.8475482362056524,-2.99072265625,0.3662109375,-0.6103515625
1964,-0.26171875,-0.22265625,0.78515625,0.8570547512730371,-3.173828125,0.42724609375,-0.67138671875
1965,-0.2734375,-0.21875,0.77734375,0.852574298563071,-3.7841796875,0.42724609375,-0.732421875
1966,-0.265625,-0.22265625,0.7734375,0.8475482362056524,-3.173828125,0.18310546875,-0.54931640625
1967,-0.265625,-0.21875,0.7734375,0.846530430363404,-2.86865234375,0.1220703125,-0.54931640625
1968,-0.26953125,-0.2109375,0.77734375,0.849355655362861,-2.38037109375,0.1220703125,-0.48828125
1969,-0.28125,-0.2109375,0.7890625,0.8638378437603321,-2.38037109375,0.06103515625,-0.48828125
1970,-0.26953125,-0.2109375,0.77734375,0.849355655362861,-2.25830078125,-0.06103515625,-0.54931640625
1971,-0.26953125,-0.21484375,0.78125,0.8539066073878484,-2.0751953125,-0.06103515625,-0.6103515625
1972,-0.26171875,-0.21875,0.78125,0.8524669079216873,-2.13623046875,0.0,-0.54931640625
1973,-0.265625,-0.2109375,0.78515625,0.8552903638211484,-2.3193359375,0.0,-0.6103515625
1974,-0.26171875,-0.2265625,0.7890625,0.8616535843446962,-2.62451171875,0.0,-0.67138671875
1975,-0.26953125,-0.22265625,0.78125,0.8559056390108812,-2.8076171875,0.1220703125,-0.54931640625
1976,-0.2734375,-0.2265625,0.78515625,0.8617244163458306,-2.8076171875,0.30517578125,-0.54931640625
1977,-0.26953125,-0.21875,0.78125,0.8548977832036778,-2.685546875,0.3662109375,-0.6103515625
1978,-0.265625,-0.21875,0.78125,0.8536742737279834,-2.62451171875,0.48828125,-0.54931640625
1979,-0.26171875,-0.22265625,0.78125,0.8534776343089636,-2.38037109375,0.42724609375,-0.54931640625
1980,-0.26171875,-0.2265625,0.78515625,0.8580778562705572,-2.197265625,0.48828125,-0.54931640625
1981,-0.265625,-0.21875,0.78125,0.8536742737279834,-2.197265625,0.48828125,-0.54931640625
1982,-0.26953125,-0.22265625,0.78515625,0.8594726507019799,-2.13623046875,0.42724609375,-0.6103515625
1983,-0.26171875,-0.21875,0.78515625,0.8560482483573136,-2.197265625,0.42724609375,-0.48828125
1984,-0.27734375,-0.21875,0.7890625,0.8645176383801041,-2.25830078125,0.54931640625,-0.48828125
1985,-0.26953125,-0.22265625,0.78515625,0.8594726507019799,-2.38037109375,0.54931640625,-0.48828125
1986,-0.2578125,-0.22265625,0.78515625,0.8558699829614163,-2.685546875,0.48828125,-0.48828125
1987,-0.265625,-0.21875,0.79296875,0.8644117315270325,-2.86865234375,0.3662109375,-0.42724609375
1988,-0.26171875,-0.21484375,0.796875,0.8658315694409768,-3.23486328125,0.244140625,-0.42724609375
1989,-0.26953125,-0.20703125,0.7890625,0.8591441451289621,-3.5400390625,0.30517578125,-0.48828125
1990,-0.25390625,-0.2265625,0.78515625,0.8557273439065594,-3.7841796875,0.42724609375,-0.42724609375
1991,-0.26953125,-0.2109375,0.7890625,0.8600938044998712,-3.90625,0.48828125,-0.3662109375
1992,-0.265625,-0.21875,0.79296875,0.8644117315270325,-4.150390625,0.54931640625,-0.3662109375
1993,-0.27734375,-0.2109375,0.78515625,0.8590020497556307,-4.39453125,0.54931640625,-0.3662109375
1994,-0.265625,-0.21484375,0.77734375,0.8491041062220375,-4.5166015625,0.54931640625,-0.244140625
1995,-0.25390625,-0.22265625,0.78515625,0.8547014252750416,-4.39453125,0.6103515625,-0.30517578125
1996,-0.2734375,-0.21484375,0.7890625,0.862290862891729,-4.150390625,0.79345703125,-0.3662109375
1997,-0.26171875,-0.21875,0.78515625,0.8560482483573136,-3.84521484375,0.91552734375,-0.3662109375
1998,-0.2734375,-0.2109375,0.78515625,0.8577488165113155,-3.5400390625,0.9765625,-0.3662109375
1999,-0.265625,-0.21875,0.78515625,0.8572505701596602,-3.2958984375,1.03759765625,-0.244140625
2000,-0.2734375,-0.21875,0.78125,0.8561373671358178,-3.11279296875,1.03759765625,-0.3662109375
2001,-0.2734375,-0.21484375,0.7734375,0.8480161966180614,-2.86865234375,1.0986328125,-0.30517578125
2002,-0.2578125,-0.21875,0.78515625,0.8548620851168407,-2.8076171875,1.0986328125,-0.30517578125
2003,-0.26953125,-0.21875,0.7890625,0.8620430883272672,-2.8076171875,1.03759765625,-0.3662109375
2004,-0.26171875,-0.21875,0.78125,0.8524669079216873,-2.99072265625,1.03759765625,-0.30517578125
2005,-0.265625,-0.21875,0.7734375,0.846530430363404,-3.11279296875,0.9765625,-0.30517578125
2006,-0.265625,-0.21875,0.7890625,0.8608297346347011,-3.173828125,1.03759765625,-0.18310546875
2007,-0.26953125,-0.22265625,0.78515625,0.8594726507019799,-3.2958984375,1.03759765625,-0.30517578125
2008,-0.25390625,-0.22265625,0.78515625,0.8547014252750416,-3.23486328125,0.91552734375,-0.18310546875
2009,-0.28125,-0.22265625,0.78125,0.8596679188291619,-3.41796875,0.9765625,-0.18310546875
2010,-0.265625,-0.21484375,0.78515625,0.8562621178430849,-3.35693359375,0.9765625,-0.18310546875
2011,-0.2578125,-0.21875,0.78125,0.8512757544745709,-3.35693359375,0.9765625,-0.18310546875
2012,-0.25390625,-0.21875,0.78125,0.8501008815364577,-3.47900390625,0.9765625,-0.18310546875
2013,-0.26171875,-0.21484375,0.77734375,0.8478902326832687,-3.47900390625,0.9765625,-0.244140625
2014,-0.26171875,-0.21875,0.78515625,0.8560482483573136,-3.60107421875,0.91552734375,-0.18310546875
2015,-0.2578125,-0.22265625,0.77734375,0.8487086640799509,-3.72314453125,0.8544921875,-0.244140625
2016,-0.265625,-0.234375,0.78515625,0.8613701980937479,-3.72314453125,0.79345703125,-0.18310546875
2017,-0.265625,-0.22265625,0.796875,0.8689891897567326,-3.90625,0.8544921875,-0.18310546875
2018,-0.27734375,-0.21875,0.7890625,0.8645176383801041,-4.0283203125,0.8544921875,-0.18310546875
2019,-0.26171875,-0.21875,0.7890625,0.8596324188324987,-4.21142578125,0.8544921875,-0.244140625
2020,-0.265625,-0.21875,0.78125,0.8536742737279834,-4.45556640625,0.9765625,-0.18310546875
2021,-0.26953125,-0.21875,0.7734375,0.8477642500322908,-4.69970703125,0.9765625,-0.1220703125
2022,-0.26171875,-0.22265625,0.78515625,0.8570547512730371,-4.8828125,1.03759765625,-0.18310546875
2023,-0.2890625,-0.21875,0.7734375,0.8541746061622881,-5.06591796875,1.03759765625,-0.1220703125
2024,-0.2734375,-0.21875,0.78515625,0.8597034173599128,-5.126953125,1.03759765625,-0.1220703125
2025,-0.2734375,-0.21875,0.78515625,0.8597034173599128,-5.31005859375,1.0986328125,0.0
2026,-0.26953125,-0.22265625,0.796875,0.8701911663626706,-5.31005859375,1.220703125,-0.06103515625
2027,-0.2578125,-0.22265625,0.78515625,0.8558699829614163,-5.37109375,1.28173828125,-0.06103515625
2028,-0.265625,-0.23046875,0.79296875,0.8674513956574887,-5.43212890625,1.28173828125,0.06103515625
2029,-0.2734375,-0.22265625,0.78125,0.8571437654036297,-5.31005859375,1.3427734375,0.0
2030,-0.26171875,-0.21875,0.77734375,0.8488884333442323,-5.31005859375,1.46484375,0.06103515625
2031,-0.2578125,-0.2265625,0.78125,0.8533167138070717,-5.18798828125,1.40380859375,0.1220703125
2032,-0.26171875,-0.21484375,0.78125,0.8514729023965619,-5.0048828125,1.40380859375,0.1220703125
2033,-0.24609375,-0.23046875,0.77734375,0.8473141590813218,-5.06591796875,1.28173828125,0.1220703125
2034,-0.2578125,-0.22265625,0.78515625,0.8558699829614163,-5.06591796875,1.28173828125,0.1220703125
2035,-0.25390625,-0.22265625,0.7890625,0.8582912200176436,-4.82177734375,1.220703125,0.1220703125
2036,-0.26953125,-0.21875,0.78515625,0.8584689826316528,-4.8828125,1.220703125,0.06103515625
2037,-0.26171875,-0.22265625,0.77734375,0.8499034153535845,-4.8828125,1.220703125,0.06103515625
2038,-0.265625,-0.21875,0.78515625,0.8572505701596602,-4.69970703125,1.28173828125,0.0
2039,-0.25,-0.23046875,0.7734375,0.8448795246263295,-4.8828125,1.220703125,0.0
2040,-0.2734375,-0.21875,0.76953125,0.8454572571294261,-4.69970703125,1.28173828125,0.1220703125
2041,-0.26171875,-0.2265625,0.7734375,0.8473681826184309,-4.69970703125,1.3427734375,0.06103515625
2042,-0.26953125,-0.23046875,0.7890625,0.8650910751818995,-4.82177734375,1.3427734375,0.0
2043,-0.2578125,-0.21875,0.78515625,0.8548620851168407,-4.94384765625,1.3427734375,0.0
2044,-0.26953125,-0.22265625,0.78125,0.8559056390108812,-5.0048828125,1.28173828125,0.0
2045,-0.2421875,-0.23828125,0.78125,0.8519297516566801,-5.06591796875,1.3427734375,0.0
2046,-0.265625,-0.22265625,0.78515625,0.8582556630766411,-5.18798828125,1.40380859375,-0.06103515625
2047,-0.25390625,-0.22265625,0.78125,0.8511144176625872,-5.31005859375,1.40380859375,-0.06103515625
2048,-0.265625,-0.2265625,0.76953125,0.8450239947822857,-5.4931640625,1.40380859375,-0.1220703125
2049,-0.26171875,-0.2265625,0.77734375,0.8509351186617432,-5.43212890625,1.40380859375,-0.18310546875
2050,-0.2578125,-0.234375,0.77734375,0.8518581052295696,-5.31005859375,1.46484375,-0.18310546875
2051,-0.265625,-0.2265625,0.78125,0.855709512352907,-5.126953125,1.40380859375,-0.1220703125
2052,-0.26171875,-0.22265625,0.78125,0.8534776343089636,-5.06591796875,1.40380859375,-0.18310546875
2053,-0.265625,-0.21875,0.78125,0.8536742737279834,-4.8828125,1.40380859375,-0.1220703125
2054,-0.26171875,-0.21875,0.78125,0.8524669079216873,-4.82177734375,1.46484375,-0.1220703125
2055,-0.25390625,-0.234375,0.7734375,0.8471160433023993,-4.57763671875,1.40380859375,-0.18310546875
2056,-0.265625,-0.22265625,0.78515625,0.8582556630766411,-4.638671875,1.40380859375,-0.1220703125
2057,-0.26953125,-0.22265625,0.77734375,0.8523416017388142,-4.57763671875,1.220703125,-0.1220703125
2058,-0.2734375,-0.21875,0.7734375,0.8490142491810724,-4.5166015625,1.28173828125,-0.06103515625
2059,-0.2578125,-0.21875,0.77734375,0.8476922515396212,-4.57763671875,1.220703125,-0.1220703125
2060,-0.26171875,-0.23046875,0.78515625,0.8591175040366641,-4.5166015625,1.28173828125,0.0
2061,-0.265625,-0.22265625,0.77734375,0.8511144176625872,-4.5166015625,1.3427734375,0.0
2062,-0.2734375,-0.23828125,0.77734375,0.8577932887193015,-4.5166015625,1.3427734375,-0.06103515625
2063,-0.26171875,-0.2265625,0.78515625,0.8580778562705572,-4.39453125,1.46484375,-0.06103515625
2064,-0.265625,-0.2265625,0.78515625,0.8592773382007188,-4.33349609375,1.40380859375,-0.1220703125
2065,-0.26171875,-0.22265625,0.78515625,0.8570547512730371,-4.21142578125,1.40380859375,-0.06103515625
2066,-0.27734375,-0.22265625,0.77734375,0.8548442355143933,-4.08935546875,1.3427734375,-0.1220703125
2067,-0.2578125,-0.22265625,0.7734375,0.8451323311923183,-3.96728515625,1.40380859375,-0.1220703125
2068,-0.26171875,-0.2265625,0.78515625,0.8580778562705572,-4.08935546875,1.40380859375,-0.06103515625
2069,-0.27734375,-0.2265625,0.76953125,0.8487805763546166,-4.21142578125,1.40380859375,0.0
2070,-0.26171875,-0.2265625,0.78515625,0.8580778562705572,-4.2724609375,1.28173828125,-0.06103515625
2071,-0.26953125,-0.23046875,0.77734375,0.8544157331868295,-4.5166015625,1.3427734375,0.0
2072,-0.265625,-0.21875,0.79296875,0.8644117315270325,-4.69970703125,1.40380859375,0.06103515625
2073,-0.265625,-0.2265625,0.77734375,0.8521446547947786,-4.7607421875,1.52587890625,0.06103515625
2074,-0.265625,-0.234375,0.76171875,0.8400617449637631,-4.69970703125,1.52587890625,0.06103515625
2075,-0.26171875,-0.23046875,0.79296875,0.8662632321094366,-4.69970703125,1.5869140625,0.0
2076,-0.26171875,-0.2265625,0.79296875,0.8652321705671692,-4.57763671875,1.708984375,0.0
2077,-0.265625,-0.23046875,0.78125,0.8567520340516049,-4.5166015625,1.5869140625,-0.06103515625
2078,-0.2578125,-0.2265625,0.78125,0.8533167138070717,-4.5166015625,1.64794921875,0.0
2079,-0.26953125,-0.2265625,0.78125,0.8569301159562619,-4.69970703125,1.64794921875,0.06103515625
2080,-0.26171875,-0.23046875,0.7890625,0.8626889229231908,-4.57763671875,1.5869140625,0.0
2081,-0.265625,-0.22265625,0.7734375,0.8475482362056524,-4.39453125,1.64794921875,-0.06103515625
2082,-0.2734375,-0.22265625,0.79296875,0.8678382974649569,-4.150390625,1.64794921875,0.06103515625
2083,-0.28125,-0.2265625,0.78125,0.8606879175440132,-3.84521484375,1.3427734375,0.0
2084,-0.265625,-0.2265625,0.765625,0.8414682689538864,-3.60107421875,1.220703125,0.0
2085,-0.265625,-0.2265625,0.7734375,0.8485828029352822,-3.2958984375,1.03759765625,0.1220703125
2086,-0.265625,-0.23046875,0.78125,0.8567520340516049,-3.0517578125,1.03759765625,0.06103515625
2087,-0.265625,-0.2265625,0.77734375,0.8521446547947786,-2.9296875,0.91552734375,-0.06103515625
2088,-0.2734375,-0.2265625,0.78125,0.858166764278657,-3.0517578125,1.0986328125,-0.06103515625
2089,-0.2734375,-0.2421875,0.78125,0.8624235699831608,-2.9296875,1.15966796875,-0.18310546875
2090,-0.26953125,-0.2421875,0.78515625,0.8647382359979666,-3.11279296875,1.40380859375,-0.244140625
2091,-0.26953125,-0.23046875,0.79296875,0.8686555001435767,-3.2958984375,1.5869140625,-0.3662109375
