,fx,fy,fz,svm,rx,ry,rz
0,-0.94921875,0.046875,0.2578125,0.9847237105568305,2.74658203125,-3.90625,2.8076171875
1,-0.9453125,0.046875,0.25,0.9789346190023367,3.11279296875,-4.638671875,2.685546875
2,-0.93359375,0.046875,0.26953125,0.9728523271240219,3.47900390625,-5.37109375,2.74658203125
3,-0.9453125,0.05859375,0.2578125,0.981588628373191,3.7841796875,-5.615234375,3.0517578125
4,-0.9453125,0.05859375,0.26953125,0.9847314582777759,4.150390625,-5.4931640625,3.11279296875
5,-0.9609375,0.05859375,0.26171875,0.9976626737263828,4.8828125,-5.126953125,2.9296875
6,-0.97265625,0.0703125,0.26953125,1.011756454413252,5.615234375,-4.638671875,2.50244140625
7,-0.96875,0.0703125,0.26171875,1.0059409099235463,5.92041015625,-4.2724609375,2.01416015625
8,-0.984375,0.0703125,0.2578125,1.0200025850151067,6.2255859375,-3.84521484375,1.3427734375
9,-0.97265625,0.08203125,0.25,1.00761565422567,6.65283203125,-3.2958984375,0.8544921875
10,-0.97265625,0.078125,0.25,1.0073051654235983,6.7138671875,-2.5634765625,0.67138671875
11,-0.98046875,0.078125,0.2421875,1.0129547228320783,6.65283203125,-1.40380859375,0.54931640625
12,-0.98828125,0.078125,0.25390625,1.0233629505291,6.2255859375,-0.06103515625,0.18310546875
13,-0.984375,0.08203125,0.25,1.018932415129464,5.615234375,1.28173828125,0.06103515625
14,-0.96875,0.07421875,0.26171875,1.0062214912498764,5.0048828125,2.50244140625,-0.06103515625
15,-0.9765625,0.078125,0.26171875,1.014038725164287,4.5166015625,3.5400390625,-0.1220703125
16,-0.98828125,0.078125,0.23828125,1.0195985969135721,4.150390625,4.69970703125,-0.06103515625
17,-0.984375,0.078125,0.24609375,1.0176737149199946,3.90625,5.79833984375,-0.06103515625
18,-0.98046875,0.06640625,0.2578125,1.0159704941197234,4.150390625,6.53076171875,0.0
19,-0.98828125,0.0625,0.25390625,1.0222888353545807,4.82177734375,6.9580078125,-0.1220703125
20,-1.0,0.05859375,0.25,1.0324404232395508,6.16455078125,7.2021484375,-0.30517578125
21,-0.9921875,0.0625,0.2421875,1.0232287477942066,7.32421875,7.2021484375,-0.79345703125
22,-0.98828125,0.0625,0.25,1.0213256479211528,8.30078125,7.38525390625,-0.732421875
23,-0.98828125,0.05859375,0.22265625,1.0147457131245676,8.6669921875,7.99560546875,-0.3662109375
24,-0.9921875,0.0625,0.23046875,1.0205185593034614,8.60595703125,8.7890625,-0.18310546875
25,-0.99609375,0.05078125,0.21875,1.0210940488714175,8.11767578125,9.521484375,-0.244140625
26,-1.0,0.06640625,0.22265625,1.0266380061653304,7.568359375,10.1318359375,-0.54931640625
27,-0.9921875,0.05078125,0.21484375,1.016450986236855,6.34765625,10.1318359375,-0.67138671875
28,-0.9765625,0.04296875,0.22265625,1.002544979313584,5.18798828125,10.009765625,-0.8544921875
29,-0.98046875,0.05078125,0.21875,1.0058574787603485,4.0283203125,9.94873046875,-0.9765625
30,-0.9921875,0.05078125,0.23828125,1.0216617466702838,3.60107421875,9.6435546875,-1.03759765625
31,-0.9765625,0.05078125,0.23046875,1.0046735273134129,3.60107421875,9.27734375,-1.0986328125
32,-0.9765625,0.0390625,0.2265625,1.0032600668414695,3.41796875,8.72802734375,-1.0986328125
33,-0.984375,0.0390625,0.20703125,1.0066687429377215,3.41796875,8.36181640625,-1.0986328125
34,-1.0,0.0546875,0.2265625,1.026801484739139,3.41796875,7.9345703125,-1.15966796875
35,-0.984375,0.046875,0.21875,1.0094765815758184,3.84521484375,7.50732421875,-1.28173828125
36,-0.98046875,0.046875,0.234375,1.0091817853967453,4.33349609375,7.080078125,-1.5869140625
37,-0.984375,0.0390625,0.20703125,1.0066687429377215,4.69970703125,6.7138671875,-1.5869140625
38,-0.98828125,0.046875,0.2109375,1.0116282536746453,4.638671875,6.53076171875,-1.5869140625
39,-0.99609375,0.04296875,0.2265625,1.022438085495584,4.638671875,6.4697265625,-1.77001953125
40,-0.984375,0.05859375,0.19921875,1.0060395014688166,4.57763671875,6.28662109375,-1.953125
41,-0.984375,0.0390625,0.19921875,1.0050911052649967,4.0283203125,6.04248046875,-2.01416015625
42,-0.99609375,0.046875,0.1875,1.0146705250543462,3.41796875,5.859375,-2.0751953125
43,-1.0,0.046875,0.1953125,1.019972665457879,2.9296875,5.615234375,-2.25830078125
44,-0.98828125,0.0390625,0.1875,1.0066687429377215,2.8076171875,5.37109375,-2.3193359375
45,-0.9921875,0.03125,0.19921875,1.012472571484192,2.86865234375,4.94384765625,-2.197265625
46,-1.00390625,0.03515625,0.2109375,1.0264299048689953,2.8076171875,4.5166015625,-2.197265625
47,-1.0078125,0.046875,0.203125,1.0291467662127933,2.99072265625,4.0283203125,-2.197265625
48,-0.99609375,0.03515625,0.2109375,1.0187901401217894,2.9296875,3.5400390625,-2.01416015625
49,-0.99609375,0.03515625,0.20703125,1.017988535878321,2.86865234375,3.173828125,-1.77001953125
50,-0.9921875,0.03125,0.20703125,1.014038725164287,2.9296875,2.9296875,-1.708984375
51,-0.98828125,0.03515625,0.20703125,1.0103453515962686,3.0517578125,2.685546875,-1.52587890625
52,-0.9921875,0.0390625,0.203125,1.0135194520518587,2.99072265625,2.8076171875,-1.28173828125
53,-0.9921875,0.05859375,0.22265625,1.0185504741343823,2.9296875,2.9296875,-1.0986328125
54,-0.98046875,0.0546875,0.20703125,1.0035794093440613,2.86865234375,2.8076171875,-0.8544921875
55,-0.9921875,0.05859375,0.21875,1.017703702064266,2.685546875,2.62451171875,-0.732421875
56,-0.984375,0.05078125,0.23046875,1.0122690950054363,2.62451171875,2.50244140625,-0.6103515625
57,-0.9765625,0.0546875,0.23046875,1.0048785418094381,2.74658203125,2.74658203125,-0.244140625
58,-0.984375,0.05078125,0.22265625,1.010519015971805,2.86865234375,2.9296875,-0.1220703125
59,-0.9765625,0.05859375,0.2265625,1.004210192316112,2.9296875,2.9296875,0.1220703125
60,-0.984375,0.07421875,0.234375,1.0146103705864447,3.11279296875,3.0517578125,0.30517578125
61,-0.97265625,0.0703125,0.22265625,1.000289874978436,2.5634765625,3.23486328125,0.48828125
62,-0.9765625,0.0546875,0.23828125,1.0066990578936996,1.52587890625,3.23486328125,0.6103515625
63,-0.97265625,0.046875,0.2265625,0.9997939851265922,1.0986328125,3.35693359375,0.42724609375
64,-0.98046875,0.0546875,0.22265625,1.006918814029649,1.40380859375,3.72314453125,0.42724609375
65,-0.9765625,0.046875,0.22265625,1.0027199946621752,1.953125,3.7841796875,0.48828125
66,-0.97265625,0.046875,0.23046875,1.0006864099285175,2.38037109375,3.72314453125,0.3662109375
67,-0.98828125,0.0390625,0.20703125,1.0104888156156777,2.74658203125,3.5400390625,0.3662109375
68,-0.98828125,0.046875,0.2265625,1.0150013109020168,2.5634765625,3.35693359375,0.42724609375
69,-0.98046875,0.0546875,0.2109375,1.0043925135568577,2.13623046875,3.173828125,0.42724609375
70,-0.98828125,0.0546875,0.2265625,1.015392100700051,1.64794921875,2.9296875,0.3662109375
71,-0.984375,0.05078125,0.2109375,1.0080017385316418,1.0986328125,2.685546875,0.42724609375
72,-0.97265625,0.046875,0.20703125,0.9955497901991768,0.48828125,2.50244140625,0.3662109375
73,-0.98046875,0.05078125,0.2109375,1.0041873998335047,0.18310546875,2.25830078125,0.54931640625
74,-0.97265625,0.05078125,0.2109375,0.9965608586142017,0.0,2.13623046875,0.54931640625
75,-0.984375,0.05078125,0.203125,1.0063958672418933,-0.30517578125,1.89208984375,0.79345703125
76,-0.98046875,0.03515625,0.22265625,1.0060470850336416,-0.48828125,1.8310546875,0.9765625
77,-0.98046875,0.04296875,0.23828125,1.0099223917235856,-0.48828125,1.953125,0.9765625
78,-0.97265625,0.03515625,0.2265625,0.9993131185891512,-0.06103515625,1.953125,0.9765625
79,-0.97265625,0.046875,0.24609375,1.0044001095570056,0.244140625,2.3193359375,1.03759765625
80,-0.984375,0.046875,0.23046875,1.0120806543831191,0.30517578125,2.99072265625,1.28173828125
81,-0.97265625,0.04296875,0.23828125,1.0023394875201652,0.0,3.60107421875,1.03759765625
82,-0.98046875,0.0546875,0.25390625,1.0142869791986264,-0.48828125,3.72314453125,0.732421875
83,-0.98046875,0.05859375,0.24609375,1.012578061709164,-1.220703125,3.90625,0.54931640625
84,-0.984375,0.0546875,0.23046875,1.012472571484192,-1.8310546875,4.0283203125,0.3662109375
85,-0.984375,0.046875,0.23828125,1.013888238590212,-2.44140625,4.08935546875,0.244140625
86,-0.984375,0.0546875,0.25,1.0170962900734866,-2.685546875,4.21142578125,0.244140625
87,-0.984375,0.046875,0.24609375,1.015752696299184,-2.74658203125,4.39453125,0.3662109375
88,-0.99609375,0.04296875,0.234375,1.024197594651845,-2.38037109375,4.5166015625,0.42724609375
89,-0.98046875,0.046875,0.2421875,1.0110247378317765,-2.01416015625,4.638671875,0.6103515625
90,-0.984375,0.04296875,0.234375,1.0128040751925136,-1.3427734375,4.69970703125,0.91552734375
91,-0.98828125,0.046875,0.25,1.0204886548740082,-0.91552734375,4.7607421875,1.0986328125
92,-0.98828125,0.0625,0.2421875,1.0194414471944,-0.54931640625,4.7607421875,1.0986328125
93,-0.9765625,0.0546875,0.21875,1.0022557565624155,-0.48828125,4.7607421875,1.15966796875
94,-0.984375,0.0625,0.23046875,1.012924595096576,-0.67138671875,4.7607421875,1.15966796875
95,-0.97265625,0.046875,0.234375,1.0015932741956999,-0.91552734375,4.94384765625,1.220703125
96,-0.9765625,0.0546875,0.2265625,1.0039898433095575,-1.220703125,5.18798828125,0.9765625
97,-0.96484375,0.05078125,0.23828125,0.9951282085074201,-1.46484375,5.31005859375,0.8544921875
98,-0.984375,0.0703125,0.2265625,1.0125554575861513,-1.64794921875,5.615234375,0.6103515625
99,-0.9765625,0.05078125,0.234375,1.0055767958653443,-1.5869140625,5.615234375,0.54931640625
100,-0.96484375,0.04296875,0.23828125,0.9947601366621943,-1.46484375,5.79833984375,0.3662109375
101,-0.98828125,0.06640625,0.234375,1.0178611200775993,-1.3427734375,5.859375,0.30517578125
102,-0.9765625,0.046875,0.24609375,1.008183374104291,-1.15966796875,5.79833984375,0.18310546875
103,-0.97265625,0.0625,0.23828125,1.0033665256353856,-0.91552734375,5.7373046875,0.1220703125
104,-0.9765625,0.0546875,0.2265625,1.0039898433095575,-0.67138671875,5.55419921875,0.06103515625
105,-0.97265625,0.05078125,0.234375,1.001783687549675,-0.42724609375,5.4931640625,-0.06103515625
106,-0.9765625,0.0625,0.23046875,1.0053339798956427,-0.244140625,5.4931640625,0.1220703125
107,-1.01171875,0.05078125,0.2109375,1.0347213119286638,-0.1220703125,5.4931640625,0.18310546875
108,-0.9765625,0.05859375,0.21875,1.0024764867293958,0.0,5.4931640625,0.244140625
109,-0.984375,0.0703125,0.2265625,1.0125554575861513,0.0,5.615234375,0.18310546875
110,-0.98828125,0.06640625,0.21875,1.0143772383293235,-0.18310546875,5.7373046875,0.1220703125
111,-0.98046875,0.05859375,0.23046875,1.0088944652401397,-0.42724609375,5.7373046875,0.0
112,-0.984375,0.046875,0.2109375,1.0078125,-0.54931640625,5.859375,-0.18310546875
113,-0.98046875,0.05078125,0.21484375,1.0050151949061206,-0.6103515625,5.859375,-0.18310546875
114,-0.984375,0.05078125,0.21875,1.009665508213766,-0.54931640625,5.9814453125,-0.18310546875
115,-0.984375,0.046875,0.2265625,1.0111982855287336,-0.42724609375,5.9814453125,-0.18310546875
116,-0.9765625,0.05078125,0.22265625,1.002910194096099,-0.18310546875,6.04248046875,-0.06103515625
117,-0.97265625,0.04296875,0.22265625,0.9987403565515351,-0.1220703125,6.04248046875,-0.1220703125
118,-0.97265625,0.046875,0.21484375,0.9972037320443226,0.1220703125,6.103515625,-0.06103515625
119,-0.984375,0.04296875,0.21484375,1.008463331517624,0.3662109375,6.16455078125,0.0
120,-0.98828125,0.05859375,0.21484375,1.013060162850503,0.3662109375,6.28662109375,0.0
121,-0.9921875,0.05078125,0.2109375,1.0156325119914498,0.30517578125,6.28662109375,0.0
122,-0.9765625,0.05859375,0.234375,1.0060015827871807,0.1220703125,6.16455078125,0.06103515625
123,-0.98828125,0.0703125,0.23828125,1.0190297497420646,0.0,6.04248046875,0.1220703125
124,-0.98046875,0.05859375,0.23828125,1.0107077477526267,-0.1220703125,5.859375,0.0
125,-0.984375,0.05859375,0.22265625,1.0109417262276421,-0.1220703125,5.92041015625,0.06103515625
126,-0.98046875,0.0625,0.23046875,1.0091288641462621,-0.1220703125,6.04248046875,0.06103515625
127,-0.98828125,0.06640625,0.21875,1.0143772383293235,-0.06103515625,6.2255859375,0.0
128,-0.98046875,0.0546875,0.21875,1.0060622519918,-0.18310546875,6.4697265625,-0.1220703125
129,-0.9921875,0.0546875,0.21484375,1.0166536257381678,-0.30517578125,6.591796875,-0.244140625
130,-0.98828125,0.046875,0.22265625,1.0141365294626878,-0.3662109375,6.89697265625,-0.3662109375
131,-0.9765625,0.0546875,0.21875,1.0022557565624155,-0.3662109375,7.01904296875,-0.42724609375
132,-0.97265625,0.046875,0.21875,0.9980526082271728,-0.48828125,7.14111328125,-0.42724609375
133,-0.99609375,0.0546875,0.21875,1.0212957671239573,-0.42724609375,7.14111328125,-0.54931640625
134,-0.984375,0.0390625,0.21484375,1.0083044463084117,-0.3662109375,7.2021484375,-0.6103515625
135,-0.98828125,0.05859375,0.21875,1.0138957634493917,-0.30517578125,7.14111328125,-0.6103515625
136,-0.9921875,0.05078125,0.22265625,1.0181309229032753,-0.30517578125,6.9580078125,-0.67138671875
137,-0.984375,0.046875,0.21484375,1.0086373199342082,-0.3662109375,6.7138671875,-0.67138671875
138,-0.98828125,0.05078125,0.2109375,1.0118167785520138,-0.30517578125,6.4697265625,-0.54931640625
139,-0.98046875,0.0546875,0.2109375,1.0043925135568577,-0.30517578125,6.2255859375,-0.48828125
140,-0.984375,0.0625,0.21484375,1.0094841393202088,-0.48828125,6.04248046875,-0.3662109375
141,-0.98046875,0.046875,0.21484375,1.004825393919573,-0.67138671875,5.7373046875,-0.18310546875
142,-0.984375,0.046875,0.2109375,1.0078125,-0.8544921875,5.43212890625,-0.18310546875
143,-0.98828125,0.046875,0.21484375,1.0124499650059873,-1.0986328125,5.06591796875,-0.1220703125
144,-0.99609375,0.05859375,0.203125,1.0182807824726563,-1.3427734375,4.82177734375,-0.18310546875
145,-0.98828125,0.04296875,0.1953125,1.008312012838474,-1.52587890625,4.69970703125,-0.30517578125
146,-0.9921875,0.046875,0.19921875,1.0130752248144324,-1.8310546875,4.57763671875,-0.30517578125
147,-0.99609375,0.0546875,0.21484375,1.0204662259768205,-1.89208984375,4.33349609375,-0.3662109375
148,-0.98828125,0.06640625,0.19921875,1.0103453515962686,-1.89208984375,4.21142578125,-0.42724609375
149,-0.98828125,0.046875,0.21484375,1.0124499650059873,-1.708984375,4.150390625,-0.30517578125
150,-1.0,0.0703125,0.21484375,1.0252325026891767,-1.46484375,4.150390625,-0.30517578125
151,-0.98828125,0.05859375,0.19921875,1.0098619544235674,-1.220703125,4.08935546875,-0.244140625
152,-0.9921875,0.0546875,0.21484375,1.0166536257381678,-1.15966796875,4.2724609375,-0.18310546875
153,-0.99609375,0.0546875,0.2109375,1.019650974771055,-1.15966796875,4.33349609375,0.0
154,-0.9921875,0.05078125,0.2109375,1.0156325119914498,-1.3427734375,4.638671875,0.0
155,-0.9921875,0.0546875,0.21484375,1.0166536257381678,-1.708984375,4.8828125,0.0
156,-0.9921875,0.05859375,0.2265625,1.019411511167871,-2.01416015625,5.06591796875,-0.06103515625
157,-0.984375,0.0546875,0.21875,1.0098695092838728,-2.197265625,5.126953125,-0.06103515625
158,-0.984375,0.05078125,0.21875,1.009665508213766,-2.25830078125,5.31005859375,0.0
159,-0.9765625,0.05078125,0.21484375,1.0012047186624098,-2.25830078125,5.31005859375,0.0
160,-0.984375,0.046875,0.2109375,1.0078125,-2.25830078125,5.31005859375,-0.06103515625
161,-0.98828125,0.0546875,0.2109375,1.0120203459733714,-2.3193359375,5.2490234375,-0.06103515625
162,-0.9765625,0.05859375,0.22265625,1.0033361099897555,-2.38037109375,5.06591796875,0.1220703125
163,-0.984375,0.05078125,0.2109375,1.0080017385316418,-2.44140625,4.94384765625,0.1220703125
164,-0.984375,0.04296875,0.21875,1.0093027378351664,-2.38037109375,4.82177734375,0.1220703125
165,-0.98828125,0.05078125,0.23046875,1.016068112470659,-2.25830078125,4.82177734375,0.0
166,-0.98046875,0.0390625,0.21875,1.0053339798956427,-2.0751953125,4.7607421875,-0.1220703125
167,-0.984375,0.05859375,0.21484375,1.0092498229269724,-1.8310546875,4.8828125,-0.18310546875
168,-0.9765625,0.0546875,0.22265625,1.003115568978252,-1.52587890625,5.0048828125,-0.30517578125
169,-0.96875,0.04296875,0.2109375,0.992379718093237,-1.0986328125,5.06591796875,-0.3662109375
170,-0.97265625,0.0390625,0.203125,0.9944072733016953,-0.67138671875,5.37109375,-0.42724609375
171,-0.984375,0.046875,0.21875,1.0094765815758184,-0.3662109375,5.55419921875,-0.48828125
172,-1.0,0.04296875,0.19140625,1.0190596969832655,-0.18310546875,5.7373046875,-0.42724609375
173,-0.97265625,0.0546875,0.2265625,1.0001907166768558,-0.06103515625,5.859375,-0.3662109375
174,-0.984375,0.046875,0.23828125,1.013888238590212,-0.1220703125,5.7373046875,-0.30517578125
175,-0.98828125,0.05859375,0.2109375,1.0122389468632764,-0.244140625,5.55419921875,-0.18310546875
176,-0.98828125,0.04296875,0.2265625,1.01482841356772,-0.3662109375,5.4931640625,-0.06103515625
177,-0.98046875,0.0546875,0.19921875,1.0019969075473112,-0.30517578125,5.37109375,-0.1220703125
178,-0.98046875,0.05078125,0.22265625,1.0067142150293635,-0.3662109375,5.37109375,-0.06103515625
179,-0.9765625,0.0546875,0.21484375,1.0014104433131115,-0.244140625,5.43212890625,-0.06103515625
180,-0.984375,0.0625,0.21484375,1.0094841393202088,-0.1220703125,5.43212890625,-0.1220703125
181,-0.984375,0.05859375,0.21484375,1.0092498229269724,-0.244140625,5.55419921875,-0.244140625
182,-0.96875,0.05078125,0.21484375,0.993585997669867,-0.42724609375,5.43212890625,-0.30517578125
183,-0.984375,0.046875,0.20703125,1.0070021572601335,-0.54931640625,5.37109375,-0.42724609375
184,-0.97265625,0.0546875,0.2109375,0.9967675417200154,-0.8544921875,5.2490234375,-0.42724609375
185,-0.984375,0.0625,0.203125,1.0070551902701261,-1.03759765625,5.126953125,-0.42724609375
186,-0.98046875,0.0546875,0.21875,1.0060622519918,-1.40380859375,4.94384765625,-0.30517578125
187,-0.9921875,0.0546875,0.21484375,1.0166536257381678,-1.46484375,4.82177734375,-0.3662109375
188,-0.984375,0.0546875,0.22265625,1.010722844772647,-1.5869140625,4.8828125,-0.3662109375
189,-0.984375,0.05859375,0.203125,1.0068203085899006,-1.77001953125,4.94384765625,-0.42724609375
190,-0.9921875,0.06640625,0.2109375,1.0165335479469246,-1.953125,5.0048828125,-0.54931640625
191,-0.98046875,0.07421875,0.20703125,1.0048329866473769,-2.13623046875,5.06591796875,-0.67138671875
192,-0.99609375,0.05859375,0.19921875,1.0175087698293748,-2.3193359375,5.126953125,-0.6103515625
193,-0.98828125,0.0625,0.22265625,1.0149787607460685,-2.3193359375,5.18798828125,-0.6103515625
194,-0.98828125,0.03515625,0.20703125,1.0103453515962686,-2.50244140625,5.126953125,-0.67138671875
195,-0.98828125,0.0546875,0.203125,1.0104208615140586,-2.50244140625,5.2490234375,-0.54931640625
196,-0.98828125,0.0625,0.21484375,1.0132935981321627,-2.50244140625,5.43212890625,-0.54931640625
197,-0.98046875,0.046875,0.2265625,1.0073960501003627,-2.3193359375,5.615234375,-0.3662109375
198,-0.98828125,0.0546875,0.2109375,1.0120203459733714,-2.0751953125,5.92041015625,-0.3662109375
199,-0.984375,0.0546875,0.21484375,1.0090305744601165,-2.01416015625,6.103515625,-0.3662109375
200,-0.984375,0.046875,0.2109375,1.0078125,-2.01416015625,6.34765625,-0.3662109375
201,-0.9765625,0.046875,0.2109375,1.0001830887080125,-2.01416015625,6.34765625,-0.48828125
202,-0.9765625,0.04296875,0.22265625,1.002544979313584,-2.13623046875,6.34765625,-0.42724609375
203,-0.984375,0.046875,0.22265625,1.0103302489354966,-2.0751953125,6.34765625,-0.48828125
204,-0.98828125,0.05078125,0.2265625,1.0151892093887598,-2.01416015625,6.16455078125,-0.54931640625
205,-0.9765625,0.046875,0.21484375,1.001014195176728,-1.953125,5.9814453125,-0.6103515625
206,-0.98828125,0.05078125,0.2265625,1.0151892093887598,-1.77001953125,5.7373046875,-0.67138671875
207,-0.99609375,0.05859375,0.23046875,1.0240858514083122,-1.708984375,5.7373046875,-0.67138671875
208,-0.984375,0.06640625,0.1875,1.004270969740768,-1.708984375,5.55419921875,-0.732421875
209,-0.98828125,0.0546875,0.20703125,1.0112133752252168,-1.77001953125,5.55419921875,-0.732421875
210,-0.99609375,0.05859375,0.20703125,1.0190671836560568,-2.13623046875,5.37109375,-0.732421875
211,-0.98828125,0.05859375,0.1875,1.00761565422567,-2.5634765625,5.43212890625,-0.79345703125
212,-0.97265625,0.05078125,0.21484375,0.9973949834091244,-2.8076171875,5.4931640625,-0.8544921875
213,-0.984375,0.05859375,0.21484375,1.0092498229269724,-3.0517578125,5.37109375,-0.91552734375
214,-0.9921875,0.046875,0.20703125,1.0146404482661888,-3.11279296875,5.43212890625,-0.8544921875
215,-0.984375,0.05078125,0.2109375,1.0080017385316418,-3.11279296875,5.4931640625,-0.8544921875
216,-0.9921875,0.0546875,0.203125,1.0142418466211596,-2.99072265625,5.4931640625,-0.8544921875
217,-0.98828125,0.046875,0.21484375,1.0124499650059873,-2.86865234375,5.615234375,-0.79345703125
218,-0.984375,0.0546875,0.20703125,1.0073960501003627,-2.62451171875,5.55419921875,-0.79345703125
219,-0.984375,0.04296875,0.2109375,1.0076383691621773,-2.44140625,5.55419921875,-0.79345703125
220,-0.9765625,0.0546875,0.19921875,0.9981749092288699,-2.25830078125,5.4931640625,-0.9765625
221,-0.984375,0.05078125,0.20703125,1.0071915480449214,-2.01416015625,5.37109375,-1.15966796875
222,-0.984375,0.05078125,0.203125,1.0063958672418933,-1.8310546875,5.31005859375,-1.220703125
223,-0.99609375,0.05078125,0.203125,1.0178611200775993,-1.708984375,5.126953125,-1.15966796875
224,-0.984375,0.04296875,0.203125,1.0060319178468258,-1.3427734375,5.0048828125,-1.0986328125
225,-0.98828125,0.0546875,0.203125,1.0104208615140586,-1.0986328125,4.94384765625,-1.0986328125
226,-0.9765625,0.0390625,0.2265625,1.0032600668414695,-0.8544921875,5.0048828125,-0.8544921875
227,-0.9921875,0.0390625,0.20703125,1.01430954473428,-0.54931640625,5.06591796875,-0.732421875
228,-0.9921875,0.046875,0.21484375,1.0162633210419987,-0.30517578125,5.31005859375,-0.6103515625
229,-0.9921875,0.046875,0.2109375,1.0154446955336858,-0.1220703125,5.55419921875,-0.54931640625
230,-0.9921875,0.04296875,0.20703125,1.0144674894294914,-0.18310546875,5.7373046875,-0.3662109375
231,-0.98828125,0.046875,0.21484375,1.0124499650059873,-0.42724609375,5.859375,-0.30517578125
232,-0.98828125,0.046875,0.203125,1.0100281482966513,-0.79345703125,5.859375,-0.30517578125
233,-0.9765625,0.03515625,0.21875,1.0013799682539652,-0.9765625,5.79833984375,-0.30517578125
234,-1.0,0.04296875,0.21875,1.0245476445615218,-1.0986328125,5.7373046875,-0.42724609375
235,-0.984375,0.05859375,0.21484375,1.0092498229269724,-1.0986328125,5.55419921875,-0.42724609375
236,-0.984375,0.046875,0.203125,1.006206326691996,-1.15966796875,5.31005859375,-0.244140625
237,-0.984375,0.05859375,0.21484375,1.0092498229269724,-1.0986328125,5.126953125,-0.30517578125
238,-0.98828125,0.046875,0.19921875,1.0092498229269724,-0.9765625,4.8828125,-0.30517578125
239,-0.99609375,0.05859375,0.1953125,1.0167511785015915,-0.91552734375,4.7607421875,-0.1220703125
240,-0.98828125,0.05078125,0.19921875,1.009438792005086,-0.8544921875,4.638671875,0.0
241,-0.9921875,0.046875,0.19921875,1.0130752248144324,-1.03759765625,4.638671875,-0.06103515625
242,-0.9921875,0.05859375,0.1953125,1.012924595096576,-1.46484375,4.638671875,-0.1220703125
243,-0.98828125,0.05078125,0.19140625,1.0079260473825387,-1.77001953125,4.5166015625,-0.1220703125
244,-0.98828125,0.05078125,0.20703125,1.0110096453198096,-2.3193359375,4.33349609375,-0.18310546875
245,-0.98828125,0.05078125,0.21484375,1.0126383369037475,-2.8076171875,4.2724609375,-0.3662109375
246,-0.98828125,0.05078125,0.19140625,1.0079260473825387,-3.0517578125,4.150390625,-0.6103515625
247,-0.99609375,0.04296875,0.20703125,1.0182882748721933,-2.9296875,3.90625,-0.6103515625
248,-0.9921875,0.046875,0.1953125,1.0123143155351997,-2.685546875,3.7841796875,-0.48828125
249,-0.98828125,0.04296875,0.203125,1.0098543995067433,-2.44140625,3.7841796875,-0.54931640625
250,-0.984375,0.04296875,0.203125,1.0060319178468258,-2.0751953125,3.84521484375,-0.3662109375
251,-1.0,0.05859375,0.2109375,1.023683474734897,-1.40380859375,4.150390625,-0.30517578125
252,-1.0,0.04296875,0.19140625,1.0190596969832655,-0.91552734375,4.45556640625,-0.06103515625
253,-0.99609375,0.046875,0.2109375,1.0192618178467752,-0.732421875,4.69970703125,0.0
254,-0.984375,0.04296875,0.19921875,1.005250498360048,-0.8544921875,4.82177734375,0.0
255,-0.98046875,0.05078125,0.20703125,1.0033741294027305,-0.9765625,5.0048828125,0.1220703125
256,-0.98046875,0.0546875,0.20703125,1.0035794093440613,-1.0986328125,4.94384765625,0.1220703125
257,-0.98046875,0.04296875,0.2109375,1.0038226497292113,-1.03759765625,4.8828125,0.1220703125
258,-0.98046875,0.0546875,0.20703125,1.0035794093440613,-0.79345703125,4.7607421875,0.06103515625
259,-0.9921875,0.0546875,0.20703125,1.0150313769973136,-0.3662109375,4.45556640625,0.0
260,-0.96875,0.046875,0.2734375,1.0076913686894664,-0.06103515625,4.2724609375,0.06103515625
261,-0.99609375,0.0390625,0.234375,1.0240411506967444,0.1220703125,4.150390625,0.18310546875
262,-0.9765625,0.0546875,0.2265625,1.0039898433095575,0.42724609375,4.150390625,0.18310546875
263,-0.984375,0.046875,0.21484375,1.0086373199342082,0.48828125,4.21142578125,0.18310546875
264,-0.94921875,0.0390625,0.21484375,0.9740122951851661,0.6103515625,4.2724609375,0.18310546875
265,-1.0234375,0.0625,0.15625,1.0371810974493558,0.6103515625,4.45556640625,0.06103515625
266,-0.9921875,0.05078125,0.20703125,1.01482841356772,0.6103515625,4.45556640625,0.0
267,-0.98828125,0.03515625,0.21875,1.012811608106673,0.732421875,4.39453125,-0.244140625
268,-0.9921875,0.03125,0.19921875,1.012472571484192,0.8544921875,4.150390625,-0.42724609375
269,-0.98046875,0.078125,0.2578125,1.0168037030360444,1.0986328125,3.7841796875,-0.42724609375
270,-0.9921875,0.06640625,0.21484375,1.0173512972957646,1.40380859375,3.47900390625,-0.54931640625
271,-0.98046875,0.04296875,0.19140625,0.9999008129520585,1.8310546875,3.23486328125,-0.6103515625
272,-0.984375,0.04296875,0.19921875,1.005250498360048,2.0751953125,3.0517578125,-0.48828125
273,-0.98828125,0.05859375,0.19140625,1.0083498446371117,2.25830078125,2.8076171875,-0.42724609375
274,-0.984375,0.0625,0.1875,1.004020239151084,2.3193359375,2.5634765625,-0.30517578125
275,-0.98046875,0.04296875,0.28125,1.020914710298135,2.0751953125,2.38037109375,-0.244140625
276,-0.9609375,0.1328125,0.203125,0.9911103897586282,1.77001953125,2.0751953125,-0.244140625
277,-0.95703125,0.05078125,0.15625,0.9710312102749967,1.220703125,1.8310546875,-0.30517578125
278,-1.0078125,0.06640625,0.23828125,1.0377252908630854,0.6103515625,1.46484375,-0.48828125
279,-0.9609375,0.08984375,0.1875,0.9831729391721034,0.18310546875,1.0986328125,-0.48828125
280,-0.97265625,0.04296875,0.22265625,0.9987403565515351,-0.18310546875,0.67138671875,-0.732421875
281,-0.98046875,0.05078125,0.21484375,1.0050151949061206,-0.30517578125,0.30517578125,-0.6103515625
282,-0.96875,0.05078125,0.19140625,0.9887829136825863,-0.244140625,0.18310546875,-0.67138671875
283,-0.98828125,0.03515625,0.203125,1.0095521564736638,0.0,0.06103515625,-0.6103515625
284,-0.984375,0.0625,0.23046875,1.012924595096576,0.18310546875,0.0,-0.6103515625
285,-1.015625,0.0,0.2421875,1.0441019709689519,0.42724609375,0.1220703125,-0.54931640625
286,-0.9921875,0.05859375,0.21484375,1.0168712305938128,0.6103515625,0.244140625,-0.42724609375
287,-0.99609375,0.0390625,0.203125,1.0173437979956985,0.79345703125,0.54931640625,-0.3662109375
288,-0.98828125,0.0390625,0.21484375,1.0121183453143585,0.8544921875,0.8544921875,-0.30517578125
289,-0.9921875,0.05078125,0.22265625,1.0181309229032753,0.9765625,1.220703125,-0.18310546875
290,-0.98046875,0.05078125,0.17578125,0.9973949834091244,1.03759765625,1.52587890625,-0.18310546875
291,-1.04296875,0.05078125,0.24609375,1.0728115783385206,1.220703125,1.64794921875,-0.18310546875
292,-1.00390625,0.07421875,0.125,1.0143772383293235,1.52587890625,1.89208984375,-0.1220703125
293,-0.953125,0.0703125,0.22265625,0.981308778593829,1.708984375,2.0751953125,-0.06103515625
294,-0.9296875,0.0390625,0.16015625,0.9441899972868609,1.77001953125,2.3193359375,0.06103515625
295,-0.9609375,0.03515625,0.21484375,0.9852891340791164,1.708984375,2.5634765625,0.18310546875
296,-0.9609375,0.08984375,0.1796875,0.9817129804462007,1.708984375,2.685546875,0.18310546875
297,-0.96484375,0.03515625,0.20703125,0.9874317000707884,1.40380859375,2.685546875,0.0
298,-0.953125,0.05078125,0.27734375,0.9939545043112512,1.3427734375,2.74658203125,0.06103515625
299,-1.0390625,0.0625,0.234375,1.0669998920015176,1.15966796875,2.74658203125,0.0
300,-0.953125,0.07421875,0.234375,0.9843207450326151,1.220703125,2.5634765625,0.0
301,-0.9765625,0.0390625,0.20703125,0.9990305970234657,1.220703125,2.38037109375,0.0
302,-0.98828125,0.0390625,0.203125,1.009695733195309,1.46484375,2.01416015625,0.1220703125
303,-0.984375,0.046875,0.1953125,1.004658339390188,1.89208984375,1.77001953125,0.18310546875
304,-0.98828125,0.05078125,0.20703125,1.0110096453198096,2.0751953125,1.708984375,0.244140625
305,-0.91015625,0.01953125,0.2109375,0.9344840812164085,2.197265625,1.5869140625,0.3662109375
306,-0.97265625,0.0703125,0.20703125,0.9969282656223942,2.197265625,1.40380859375,0.54931640625
307,-0.96875,0.04296875,0.17578125,0.9855059227767863,2.01416015625,1.220703125,0.30517578125
308,-0.9921875,0.05859375,0.16796875,1.0080093073339527,1.8310546875,0.9765625,0.30517578125
309,-1.04296875,0.04296875,0.1875,1.06055946412878,1.5869140625,0.79345703125,0.3662109375
310,-0.953125,0.0078125,0.21875,0.97793653336055,1.15966796875,0.3662109375,0.3662109375
311,-0.98828125,0.0859375,0.14453125,1.0024840972476197,0.8544921875,-0.1220703125,0.48828125
312,-0.96484375,0.04296875,0.17578125,0.981666350264787,0.54931640625,-0.48828125,0.42724609375
313,-0.98828125,0.1171875,0.2109375,1.0173138002426108,0.3662109375,-0.67138671875,0.42724609375
314,-0.9921875,0.06640625,0.25390625,1.0263109708974054,0.3662109375,-0.79345703125,0.3662109375
315,-0.9609375,0.08984375,0.19921875,0.9854749558826318,0.48828125,-0.79345703125,0.48828125
316,-0.97265625,0.01953125,0.2265625,0.9988854873291908,0.6103515625,-0.732421875,0.42724609375
317,-0.984375,0.0546875,0.22265625,1.010722844772647,0.67138671875,-0.30517578125,0.30517578125
318,-0.984375,0.0703125,0.2265625,1.0125554575861513,0.6103515625,-0.244140625,0.30517578125
319,-0.984375,0.05859375,0.23828125,1.0144975713453557,0.54931640625,0.1220703125,0.18310546875
320,-0.98828125,0.05078125,0.22265625,1.01432458814582,0.42724609375,0.3662109375,0.0
321,-0.9453125,0.046875,0.2890625,0.9896313036618739,0.30517578125,0.3662109375,-0.06103515625
322,-0.97265625,0.0625,0.19140625,0.9932788043661885,0.42724609375,0.42724609375,-0.1220703125
323,-0.9609375,0.0703125,0.2265625,0.9897854782571575,0.54931640625,0.42724609375,-0.18310546875
324,-1.00390625,0.0546875,0.2421875,1.034153405738995,0.732421875,0.54931640625,-0.1220703125
325,-0.99609375,0.0625,0.2109375,1.0200998175155764,0.9765625,0.732421875,-0.06103515625
326,-0.98828125,0.06640625,0.25,1.0215721311491543,0.9765625,0.91552734375,-0.06103515625
327,-0.98046875,0.0859375,0.23828125,1.0126609391767687,0.91552734375,1.220703125,0.1220703125
328,-0.95703125,0.0859375,0.21875,0.9854672140070477,0.79345703125,1.52587890625,0.18310546875
329,-0.9921875,0.05859375,0.20703125,1.0152493295599239,0.732421875,1.708984375,0.18310546875
330,-0.97265625,0.0703125,0.2734375,1.0128040751925136,0.67138671875,1.8310546875,0.18310546875
331,-0.984375,0.0390625,0.19140625,1.0035718071320618,0.54931640625,1.77001953125,0.06103515625
332,-0.98046875,0.05078125,0.2265625,1.007585366847085,0.3662109375,1.77001953125,0.0
333,-0.984375,0.05859375,0.2265625,1.0118092382313537,0.18310546875,1.77001953125,-0.06103515625
334,-0.98046875,0.046875,0.2265625,1.0073960501003627,-0.1220703125,1.8310546875,-0.18310546875
335,-0.97265625,0.04296875,0.23046875,1.000511038853239,-0.1220703125,1.64794921875,-0.1220703125
336,-0.98046875,0.04296875,0.21875,1.0054933344896548,0.1220703125,1.5869140625,-0.1220703125
337,-0.94140625,0.1015625,0.1796875,0.9637677451552125,0.42724609375,1.5869140625,-0.06103515625
338,-1.01953125,0.0625,0.21875,1.0446060416379768,0.6103515625,1.52587890625,0.06103515625
339,-1.01171875,0.0546875,0.2109375,1.034920374069456,0.79345703125,1.3427734375,0.1220703125
340,-1.00390625,0.0546875,0.20703125,1.0264893666871933,1.03759765625,1.15966796875,0.244140625
341,-0.9765625,0.08203125,0.23828125,1.0085541118276078,1.220703125,1.03759765625,0.18310546875
342,-1.0,0.0703125,0.27734375,1.040126628502661,1.220703125,0.8544921875,0.06103515625
343,-0.93359375,0.11328125,0.1953125,0.9605086695584143,1.220703125,0.67138671875,0.06103515625
344,-0.99609375,0.07421875,0.19921875,1.0185280025567227,1.15966796875,0.6103515625,0.1220703125
345,-1.01171875,0.078125,0.2265625,1.0397157838240279,1.03759765625,0.67138671875,0.0
346,-0.9765625,0.05078125,0.21875,1.002050205457697,0.9765625,0.91552734375,-0.06103515625
347,-0.9765625,0.0703125,0.23046875,1.0058498937659945,1.03759765625,1.220703125,0.06103515625
348,-0.98828125,0.0625,0.234375,1.017613737980459,0.67138671875,1.708984375,0.1220703125
349,-0.984375,0.0546875,0.2421875,1.0152042397653291,0.18310546875,2.01416015625,0.1220703125
350,-0.984375,0.07421875,0.25,1.0183332281117818,0.0,2.13623046875,0.244140625
351,-0.98828125,0.03125,0.21484375,1.0118469392727465,0.1220703125,2.25830078125,0.18310546875
352,-0.984375,0.0625,0.25390625,1.018513021229509,0.42724609375,2.25830078125,0.1220703125
353,-0.96484375,0.0546875,0.21875,0.9908409292466236,0.732421875,2.0751953125,0.06103515625
354,-0.96875,0.06640625,0.22265625,0.996223949824097,0.8544921875,2.01416015625,0.0
355,-0.99609375,0.11328125,0.20703125,1.0236685688577076,0.8544921875,1.953125,0.0
356,-0.96875,0.0546875,0.2421875,1.0000610332937185,0.54931640625,1.8310546875,0.1220703125
357,-0.97265625,0.05859375,0.22265625,0.9995344985878114,-0.06103515625,1.89208984375,0.244140625
358,-0.98046875,0.0546875,0.21875,1.0060622519918,-0.48828125,1.953125,0.3662109375
359,-1.0,0.05859375,0.23828125,1.0296655678620243,-0.3662109375,1.89208984375,0.42724609375
360,-0.96484375,0.05078125,0.25390625,0.9989847751866329,0.06103515625,1.708984375,0.48828125
361,-0.98828125,0.04296875,0.234375,1.0166010934496996,0.06103515625,1.40380859375,0.42724609375
362,-0.9765625,0.046875,0.21484375,1.001014195176728,0.30517578125,1.220703125,0.42724609375
363,-0.9765625,0.0625,0.22265625,1.0035718071320618,0.244140625,1.220703125,0.48828125
364,-0.98046875,0.04296875,0.2265625,1.0072218472657228,0.244140625,1.0986328125,0.18310546875
365,-0.99609375,0.07421875,0.23828125,1.026883214266446,0.06103515625,1.15966796875,0.1220703125
366,-0.98046875,0.06640625,0.21875,1.0067672632071551,-0.54931640625,1.46484375,0.3662109375
367,-0.98828125,0.0625,0.234375,1.017613737980459,-1.03759765625,1.77001953125,0.244140625
368,-0.9765625,0.04296875,0.24609375,1.0080093073339527,-0.9765625,1.953125,0.1220703125
369,-0.9765625,0.05078125,0.23046875,1.0046735273134129,-0.6103515625,2.197265625,0.244140625
370,-0.9765625,0.0625,0.23046875,1.0053339798956427,0.06103515625,2.197265625,0.30517578125
371,-0.984375,0.05078125,0.22265625,1.010519015971805,0.54931640625,2.25830078125,0.30517578125
372,-0.98828125,0.0625,0.21875,1.014129006389997,0.91552734375,2.3193359375,0.18310546875
373,-0.96484375,0.046875,0.23046875,0.9930944427725014,1.0986328125,2.13623046875,-0.06103515625
374,-0.96484375,0.0546875,0.234375,0.9944072733016953,1.15966796875,1.953125,0.0
375,-0.97265625,0.05859375,0.24609375,1.0050151949061206,1.0986328125,1.89208984375,0.1220703125
376,-0.96484375,0.0546875,0.23046875,0.9934938496522638,1.03759765625,1.77001953125,0.30517578125
377,-0.96875,0.04296875,0.2265625,0.9958179765312597,1.220703125,1.953125,0.3662109375
378,-0.97265625,0.0625,0.21484375,0.9980602524788396,1.15966796875,2.13623046875,0.48828125
379,-0.98828125,0.05078125,0.19921875,1.009438792005086,1.220703125,2.197265625,0.48828125
380,-0.98046875,0.07421875,0.2265625,1.0090381355451215,1.0986328125,2.13623046875,0.48828125
381,-0.97265625,0.06640625,0.2421875,1.0045520174980362,0.3662109375,2.197265625,0.67138671875
382,-0.98046875,0.046875,0.25,1.012924595096576,-0.732421875,1.89208984375,0.54931640625
383,-0.984375,0.05078125,0.23828125,1.014076343318453,-0.8544921875,1.8310546875,0.3662109375
384,-0.98828125,0.06640625,0.23046875,1.0169687624834833,-0.244140625,1.5869140625,0.1220703125
385,-0.9765625,0.04296875,0.23046875,1.0043089537634198,0.8544921875,1.46484375,-0.06103515625
386,-0.9765625,0.05078125,0.2421875,1.0074263431705877,1.64794921875,1.5869140625,0.0
387,-0.98046875,0.05859375,0.23046875,1.0088944652401397,2.13623046875,1.77001953125,0.06103515625
388,-0.9765625,0.0625,0.23828125,1.0071536727370916,2.38037109375,2.01416015625,0.06103515625
389,-0.9765625,0.0546875,0.2421875,1.0076307975735705,2.0751953125,1.89208984375,0.18310546875
390,-1.0,0.046875,0.23828125,1.0290652164593663,1.953125,1.89208984375,0.3662109375
391,-0.98046875,0.06640625,0.234375,1.0102773878448557,1.708984375,1.89208984375,0.3662109375
392,-0.97265625,0.05859375,0.234375,1.002210082182436,1.52587890625,1.8310546875,0.42724609375
393,-0.97265625,0.0625,0.2265625,1.000648288396234,1.3427734375,1.5869140625,0.3662109375
394,-0.97265625,0.0546875,0.234375,1.0019892933286825,1.3427734375,1.52587890625,0.244140625
395,-0.984375,0.0546875,0.25390625,1.018063478900168,1.28173828125,1.8310546875,0.244140625
396,-0.9765625,0.0546875,0.24609375,1.0085768056283877,1.0986328125,1.8310546875,0.1220703125
397,-0.98828125,0.0625,0.234375,1.017613737980459,1.03759765625,1.953125,0.06103515625
398,-0.97265625,0.05859375,0.25,1.005978830892144,0.79345703125,2.25830078125,0.1220703125
399,-0.984375,0.05859375,0.23828125,1.0144975713453557,0.79345703125,2.3193359375,-0.06103515625
400,-0.98046875,0.046875,0.25390625,1.0138957634493917,0.67138671875,2.0751953125,-0.30517578125
401,-0.98046875,0.05078125,0.2421875,1.0112133752252168,0.30517578125,1.708984375,-0.3662109375
402,-0.96875,0.05078125,0.23046875,0.9970813119190054,0.06103515625,1.708984375,-0.30517578125
403,-0.96875,0.05078125,0.2421875,0.9998550309959002,0.30517578125,2.0751953125,-0.244140625
404,-0.96484375,0.05078125,0.25,0.9979990968260567,0.54931640625,2.50244140625,-0.1220703125
405,-0.98046875,0.0546875,0.22265625,1.006918814029649,0.732421875,2.8076171875,0.0
406,-0.9765625,0.05078125,0.2421875,1.0074263431705877,0.6103515625,2.99072265625,0.18310546875
407,-0.96875,0.05859375,0.23828125,0.9993436566770337,0.48828125,2.9296875,0.30517578125
408,-0.97265625,0.046875,0.23046875,1.0006864099285175,0.18310546875,2.86865234375,0.3662109375
409,-0.98046875,0.05859375,0.23046875,1.0088944652401397,-0.06103515625,2.99072265625,0.3662109375
410,-0.9765625,0.05859375,0.2578125,1.01171875,-0.3662109375,3.11279296875,0.30517578125
411,-0.98046875,0.05859375,0.2421875,1.0116357953442905,-0.3662109375,3.23486328125,0.244140625
412,-0.97265625,0.0546875,0.25,1.0057588693719348,-0.18310546875,3.5400390625,0.18310546875
413,-0.97265625,0.07421875,0.23828125,1.0041646068335548,0.06103515625,3.60107421875,0.1220703125
414,-0.984375,0.05859375,0.25390625,1.0182807824726563,0.244140625,3.60107421875,0.06103515625
415,-0.97265625,0.0546875,0.25390625,1.0067369503049817,0.30517578125,3.72314453125,0.1220703125
416,-0.98046875,0.0546875,0.25,1.013316185789417,0.244140625,3.90625,0.06103515625
417,-0.95703125,0.05078125,0.25390625,0.9914413409865394,0.30517578125,3.90625,0.06103515625
418,-0.9765625,0.05078125,0.2421875,1.0074263431705877,0.30517578125,4.08935546875,0.1220703125
419,-0.96875,0.0625,0.24609375,1.0014713906493098,0.18310546875,4.08935546875,0.1220703125
420,-0.9765625,0.05078125,0.2421875,1.0074263431705877,0.30517578125,4.2724609375,0.0
421,-0.96484375,0.03515625,0.24609375,0.9963541326341692,0.30517578125,4.5166015625,-0.06103515625
422,-0.96875,0.046875,0.25,1.0015856569085841,0.48828125,4.638671875,0.0
423,-0.97265625,0.04296875,0.23828125,1.0023394875201652,0.67138671875,4.45556640625,0.0
424,-0.984375,0.06640625,0.23828125,1.0149787607460685,0.732421875,4.0283203125,0.0
425,-0.98046875,0.06640625,0.2421875,1.0121183453143585,0.732421875,3.60107421875,0.06103515625
426,-0.97265625,0.0625,0.23046875,1.0015399519692787,0.732421875,3.173828125,0.06103515625
427,-0.98046875,0.07421875,0.234375,1.0108209699067017,0.8544921875,2.99072265625,0.244140625
428,-0.98046875,0.0703125,0.234375,1.0105416656466037,0.6103515625,2.8076171875,0.3662109375
429,-0.984375,0.0625,0.23828125,1.0147306759562178,0.1220703125,2.685546875,0.48828125
430,-0.97265625,0.06640625,0.234375,1.002697168305628,-0.18310546875,2.38037109375,0.6103515625
431,-0.96484375,0.07421875,0.234375,0.9956723986284972,-0.48828125,2.197265625,0.79345703125
432,-0.98046875,0.0703125,0.2265625,1.0087583376552893,-0.48828125,2.01416015625,0.91552734375
433,-0.98828125,0.0703125,0.23046875,1.0172313018602874,-0.1220703125,2.01416015625,0.79345703125
434,-0.9765625,0.07421875,0.24609375,1.0098241792742313,0.0,2.0751953125,0.67138671875
435,-0.9921875,0.0703125,0.23828125,1.0228185747795464,0.06103515625,1.953125,0.54931640625
436,-0.984375,0.07421875,0.23046875,1.0137151514124296,0.1220703125,1.64794921875,0.30517578125
437,-0.98828125,0.07421875,0.25,1.0221097064176257,0.06103515625,1.40380859375,0.1220703125
438,-0.9609375,0.05859375,0.26171875,0.9976626737263828,0.06103515625,1.46484375,-0.06103515625
439,-0.98046875,0.07421875,0.2421875,1.0126609391767687,0.244140625,2.13623046875,-0.18310546875
440,-0.9609375,0.05859375,0.2578125,0.9966450680164742,-0.06103515625,2.5634765625,-0.1220703125
441,-0.96484375,0.0546875,0.2578125,1.0001907166768558,-0.42724609375,3.23486328125,-0.18310546875
442,-0.97265625,0.0703125,0.2578125,1.0086978306096244,-0.732421875,3.7841796875,-0.18310546875
443,-0.9765625,0.0546875,0.25390625,1.0105114659673895,-1.03759765625,3.7841796875,-0.1220703125
444,-0.9765625,0.05859375,0.24609375,1.0087961527158869,-1.220703125,4.0283203125,-0.18310546875
445,-0.9765625,0.0625,0.25,1.0099903793632146,-1.28173828125,4.2724609375,-0.1220703125
446,-0.9765625,0.05078125,0.25,1.00933297368005,-1.0986328125,4.2724609375,-0.244140625
447,-0.9765625,0.05078125,0.24609375,1.008372543035001,-0.79345703125,4.21142578125,-0.18310546875
448,-0.97265625,0.05859375,0.234375,1.002210082182436,-0.732421875,4.21142578125,-0.06103515625
449,-0.98046875,0.0625,0.2421875,1.0118695592233282,-0.6103515625,4.21142578125,0.06103515625
450,-0.9765625,0.0546875,0.23828125,1.0066990578936996,-0.67138671875,4.150390625,-0.06103515625
451,-0.97265625,0.0625,0.23828125,1.0033665256353856,-0.67138671875,4.08935546875,-0.06103515625
452,-0.98046875,0.06640625,0.23828125,1.0111907405960496,-0.732421875,3.96728515625,-0.1220703125
453,-0.97265625,0.0703125,0.23828125,1.0038834506165917,-1.03759765625,3.7841796875,-0.1220703125
454,-0.9921875,0.0703125,0.23828125,1.0228185747795464,-1.03759765625,3.90625,-0.244140625
455,-0.97265625,0.05859375,0.234375,1.002210082182436,-1.03759765625,3.72314453125,-0.18310546875
456,-0.9765625,0.05078125,0.2265625,1.0037846473044219,-0.9765625,3.60107421875,-0.30517578125
457,-0.96875,0.05859375,0.26171875,1.0051897801612515,-0.732421875,3.60107421875,-0.3662109375
458,-0.98046875,0.0703125,0.24609375,1.0133237148966143,-0.6103515625,3.60107421875,-0.3662109375
459,-0.97265625,0.05078125,0.2578125,1.0075247893584927,-0.48828125,3.72314453125,-0.244140625
460,-0.98046875,0.05859375,0.2421875,1.0116357953442905,-0.30517578125,3.60107421875,-0.30517578125
461,-0.97265625,0.046875,0.25390625,1.0063427994864003,-0.244140625,3.662109375,-0.244140625
462,-0.9765625,0.0546875,0.2265625,1.0039898433095575,-0.244140625,3.5400390625,-0.244140625
463,-0.98046875,0.06640625,0.2265625,1.0084935925289138,-0.3662109375,3.47900390625,-0.1220703125
464,-0.98828125,0.06640625,0.2421875,1.0196883858791739,-0.3662109375,3.662109375,-0.1220703125
465,-0.97265625,0.05859375,0.23828125,1.0031307802598262,-0.54931640625,3.60107421875,-0.06103515625
466,-0.9921875,0.0625,0.2421875,1.0232287477942066,-0.54931640625,3.60107421875,-0.1220703125
467,-0.97265625,0.05859375,0.24609375,1.0050151949061206,-0.48828125,3.90625,-0.18310546875
468,-0.9765625,0.0546875,0.2578125,1.0115000366874685,-0.3662109375,3.90625,-0.3662109375
469,-0.97265625,0.05859375,0.2421875,1.0040658311880626,-0.244140625,3.90625,-0.54931640625
470,-0.9921875,0.06640625,0.25,1.0253515617559241,-0.18310546875,3.84521484375,-0.54931640625
471,-0.98046875,0.06640625,0.25,1.0140161536019163,-0.06103515625,3.96728515625,-0.48828125
472,-0.984375,0.05859375,0.24609375,1.016360911267806,0.0,3.96728515625,-0.42724609375
473,-0.9765625,0.0625,0.25,1.0099903793632146,0.0,3.84521484375,-0.3662109375
474,-0.97265625,0.0625,0.25390625,1.0071915480449214,-0.06103515625,3.84521484375,-0.30517578125
475,-0.97265625,0.0625,0.26171875,1.0091893453488423,-0.30517578125,3.90625,-0.244140625
476,-0.9609375,0.0625,0.2421875,0.9929561491135951,-0.48828125,3.96728515625,-0.244140625
477,-0.96484375,0.0625,0.234375,0.9948675050171568,-0.6103515625,3.90625,-0.1220703125
478,-0.9765625,0.06640625,0.25390625,1.0112133752252168,-0.79345703125,3.84521484375,-0.30517578125
479,-0.96875,0.07421875,0.2421875,1.0013190153531553,-0.9765625,3.662109375,-0.48828125
480,-0.97265625,0.0546875,0.24609375,1.0047950224346134,-1.15966796875,3.60107421875,-0.48828125
481,-0.98046875,0.0625,0.24609375,1.012811608106673,-1.03759765625,3.5400390625,-0.42724609375
482,-0.9765625,0.05859375,0.2421875,1.007850350548911,-0.91552734375,3.5400390625,-0.30517578125
483,-0.984375,0.0546875,0.24609375,1.0161431971283932,-0.91552734375,3.60107421875,-0.30517578125
484,-0.9921875,0.0625,0.25,1.025105987279486,-1.03759765625,3.60107421875,-0.42724609375
485,-0.97265625,0.05078125,0.24609375,1.0045899908941396,-1.03759765625,3.60107421875,-0.30517578125
486,-0.984375,0.05078125,0.2578125,1.0188425595413713,-0.9765625,3.7841796875,-0.3662109375
487,-0.97265625,0.0625,0.24609375,1.005250498360048,-1.03759765625,3.84521484375,-0.3662109375
488,-0.96875,0.05859375,0.234375,0.9984194662886249,-0.9765625,3.96728515625,-0.3662109375
489,-0.96875,0.046875,0.25,1.0015856569085841,-0.9765625,3.84521484375,-0.244140625
490,-0.9765625,0.046875,0.24609375,1.008183374104291,-0.91552734375,3.662109375,-0.244140625
491,-0.96875,0.05859375,0.25390625,1.0031840179289764,-0.8544921875,3.662109375,-0.18310546875
492,-0.97265625,0.05078125,0.24609375,1.0045899908941396,-0.79345703125,3.72314453125,-0.18310546875
493,-0.98046875,0.0625,0.2578125,1.0157226515554394,-0.67138671875,3.72314453125,-0.1220703125
494,-0.98046875,0.0546875,0.25,1.013316185789417,-0.54931640625,3.7841796875,-0.06103515625
495,-0.97265625,0.05859375,0.25,1.005978830892144,-0.3662109375,3.90625,0.06103515625
496,-0.97265625,0.05859375,0.2578125,1.0079487553240865,-0.30517578125,3.90625,0.06103515625
497,-0.97265625,0.0546875,0.25390625,1.0067369503049817,-0.30517578125,3.96728515625,0.0
498,-0.98046875,0.05859375,0.2421875,1.0116357953442905,-0.3662109375,3.90625,-0.06103515625
499,-0.97265625,0.0625,0.24609375,1.005250498360048,-0.48828125,3.84521484375,0.0
500,-0.9765625,0.05859375,0.24609375,1.0087961527158869,-0.48828125,3.90625,0.06103515625
501,-0.9765625,0.0625,0.2421875,1.0080849922315578,-0.48828125,3.90625,-0.06103515625
502,-0.98046875,0.05078125,0.26171875,1.016068112470659,-0.48828125,3.90625,-0.1220703125
503,-0.9765625,0.0625,0.2421875,1.0080849922315578,-0.6103515625,4.08935546875,-0.1220703125
504,-0.984375,0.05859375,0.25,1.0173138002426108,-0.732421875,4.21142578125,-0.1220703125
505,-0.9765625,0.06640625,0.25,1.010239628229517,-0.8544921875,4.2724609375,-0.1220703125
506,-0.96875,0.05078125,0.23828125,0.9989160384902852,-0.91552734375,4.33349609375,-0.06103515625
507,-0.98046875,0.0625,0.25390625,1.0147381945682468,-1.03759765625,4.33349609375,-0.1220703125
508,-0.9765625,0.046875,0.24609375,1.008183374104291,-1.0986328125,4.33349609375,-0.1220703125
509,-0.97265625,0.05078125,0.234375,1.001783687549675,-1.0986328125,4.33349609375,-0.1220703125
510,-0.96484375,0.0625,0.25,0.9986639634602135,-1.03759765625,4.33349609375,-0.1220703125
511,-0.984375,0.05859375,0.25390625,1.0182807824726563,-0.8544921875,4.150390625,-0.18310546875
512,-0.97265625,0.0546875,0.2421875,1.0038454504935321,-0.6103515625,4.0283203125,-0.1220703125
513,-0.9765625,0.05859375,0.2578125,1.01171875,-0.42724609375,4.0283203125,0.0
514,-0.97265625,0.0546875,0.23828125,1.002910194096099,-0.30517578125,4.08935546875,0.0
515,-0.97265625,0.06640625,0.25390625,1.0074414893641157,-0.244140625,4.08935546875,0.0
516,-0.97265625,0.05859375,0.24609375,1.0050151949061206,-0.30517578125,4.150390625,0.06103515625
517,-0.98046875,0.06640625,0.2421875,1.0121183453143585,-0.48828125,4.33349609375,0.0
518,-0.98046875,0.0625,0.23828125,1.0109417262276421,-0.54931640625,4.33349609375,-0.06103515625
519,-0.98046875,0.0546875,0.25390625,1.0142869791986264,-0.732421875,4.39453125,-0.06103515625
520,-0.96875,0.0546875,0.23828125,0.9991222343926756,-0.8544921875,4.45556640625,-0.1220703125
521,-0.98046875,0.0546875,0.19921875,1.0019969075473112,-0.8544921875,4.39453125,-0.18310546875
522,-0.9765625,0.0625,0.2421875,1.0080849922315578,-0.8544921875,4.39453125,-0.244140625
523,-0.984375,0.0703125,0.25390625,1.0190222627942496,-0.732421875,4.33349609375,-0.244140625
524,-0.98046875,0.0625,0.24609375,1.012811608106673,-0.6103515625,4.39453125,-0.244140625
525,-0.98046875,0.0625,0.25,1.013767833247121,-0.48828125,4.39453125,-0.1220703125
526,-0.98046875,0.0625,0.24609375,1.012811608106673,-0.48828125,4.5166015625,-0.18310546875
527,-0.98828125,0.06640625,0.26171875,1.0245029639987322,-0.42724609375,4.638671875,-0.18310546875
528,-0.97265625,0.05078125,0.2421875,1.0036402249670322,-0.48828125,4.82177734375,-0.244140625
529,-0.9765625,0.046875,0.2578125,1.0111077426206863,-0.48828125,4.8828125,-0.18310546875
530,-0.9609375,0.04296875,0.234375,0.9900398138498333,-0.48828125,4.7607421875,-0.1220703125
531,-0.984375,0.05859375,0.24609375,1.016360911267806,-0.6103515625,4.69970703125,-0.18310546875
532,-0.9765625,0.09375,0.265625,1.0163759243170067,-0.67138671875,4.57763671875,-0.18310546875
533,-0.97265625,0.0546875,0.24609375,1.0047950224346134,-0.732421875,4.45556640625,-0.1220703125
534,-0.96484375,0.05859375,0.24609375,0.9974561761010794,-0.8544921875,4.33349609375,-0.1220703125
535,-0.9765625,0.0703125,0.2421875,1.0085994989185498,-0.9765625,4.45556640625,-0.1220703125
536,-0.97265625,0.06640625,0.24609375,1.0055009221737132,-1.03759765625,4.45556640625,-0.06103515625
537,-0.97265625,0.05859375,0.24609375,1.0050151949061206,-1.03759765625,4.2724609375,0.0
538,-0.98046875,0.078125,0.2421875,1.0129547228320783,-1.03759765625,4.33349609375,-0.1220703125
539,-0.9765625,0.0546875,0.2421875,1.0076307975735705,-0.9765625,4.33349609375,-0.244140625
540,-0.98046875,0.06640625,0.23828125,1.0111907405960496,-0.91552734375,4.39453125,-0.244140625
541,-0.97265625,0.05859375,0.25,1.005978830892144,-0.732421875,4.39453125,-0.30517578125
542,-0.9765625,0.0546875,0.24609375,1.0085768056283877,-0.6103515625,4.45556640625,-0.42724609375
543,-0.9453125,0.0625,0.21875,0.972303211532416,-0.3662109375,4.57763671875,-0.42724609375
544,-0.98046875,0.05859375,0.234375,1.0097939581373148,-0.1220703125,4.69970703125,-0.48828125
545,-0.96484375,0.03515625,0.23828125,0.9944533060580006,0.06103515625,5.126953125,-0.42724609375
546,-0.98046875,0.046875,0.21875,1.0056678367391305,0.91552734375,5.55419921875,-0.48828125
547,-0.98046875,0.05859375,0.22265625,1.0071385222151357,1.3427734375,5.67626953125,-0.30517578125
548,-0.9765625,0.0625,0.234375,1.0062366555792182,1.46484375,5.37109375,-0.1220703125
549,-0.96875,0.06640625,0.23828125,0.9998321392316938,1.28173828125,4.94384765625,0.0
550,-0.98828125,0.0703125,0.23046875,1.0172313018602874,0.9765625,4.33349609375,0.06103515625
551,-0.98046875,0.0703125,0.23828125,1.0114547797525972,0.6103515625,4.21142578125,0.244140625
552,-0.97265625,0.0703125,0.2578125,1.0086978306096244,0.42724609375,4.150390625,0.30517578125
553,-0.98828125,0.07421875,0.234375,1.0184006542506367,0.30517578125,4.0283203125,0.3662109375
554,-0.98046875,0.07421875,0.23828125,1.011733831933917,0.244140625,3.84521484375,0.42724609375
555,-0.96875,0.0625,0.23046875,0.9977467901359355,0.1220703125,3.72314453125,0.48828125
556,-0.97265625,0.06640625,0.23828125,1.0036174195402785,-0.06103515625,3.662109375,0.3662109375
557,-0.98046875,0.06640625,0.234375,1.0102773878448557,-0.42724609375,3.60107421875,0.30517578125
558,-0.96484375,0.0546875,0.25390625,0.9991909569043221,-0.79345703125,3.41796875,0.244140625
559,-0.97265625,0.0703125,0.234375,1.0029634434740444,-0.9765625,3.2958984375,0.06103515625
560,-0.96875,0.0625,0.25390625,1.0034197507967753,-1.0986328125,3.173828125,-0.06103515625
561,-0.96875,0.0546875,0.2578125,1.0039594465477677,-1.15966796875,3.11279296875,-0.18310546875
562,-0.97265625,0.0625,0.26171875,1.0091893453488423,-1.15966796875,3.0517578125,-0.244140625
563,-0.96484375,0.0546875,0.26953125,1.0032752759322214,-1.15966796875,2.99072265625,-0.30517578125
564,-0.97265625,0.06640625,0.25,1.0064640931017486,-1.03759765625,3.2958984375,-0.3662109375
565,-0.97265625,0.07421875,0.265625,1.011002098979337,-0.9765625,3.60107421875,-0.30517578125
566,-0.9765625,0.0625,0.25390625,1.0109643664320282,-1.0986328125,3.90625,-0.244140625
567,-0.9765625,0.05859375,0.234375,1.0060015827871807,-1.220703125,4.0283203125,-0.30517578125
568,-0.9765625,0.05078125,0.23828125,1.0064944142216463,-1.40380859375,4.21142578125,-0.18310546875
569,-0.96484375,0.046875,0.25,0.9978079612525962,-1.5869140625,4.2724609375,-0.244140625
570,-0.98046875,0.05859375,0.2421875,1.0116357953442905,-1.708984375,4.2724609375,-0.244140625
571,-0.98046875,0.0546875,0.2421875,1.0114170640932763,-1.8310546875,4.150390625,-0.30517578125
572,-0.97265625,0.0625,0.2421875,1.004301357073818,-1.89208984375,4.150390625,-0.30517578125
573,-0.9765625,0.0703125,0.2421875,1.0085994989185498,-1.89208984375,4.21142578125,-0.48828125
574,-0.98046875,0.0703125,0.2578125,1.0162332913947774,-1.953125,4.21142578125,-0.54931640625
575,-0.9921875,0.08203125,0.23828125,1.0236909275921005,-2.13623046875,4.45556640625,-0.54931640625
576,-0.97265625,0.0703125,0.2578125,1.0086978306096244,-2.3193359375,4.638671875,-0.3662109375
577,-0.984375,0.07421875,0.2578125,1.020279299325833,-2.50244140625,4.94384765625,-0.3662109375
578,-0.98046875,0.0625,0.25,1.013767833247121,-2.86865234375,5.126953125,-0.3662109375
579,-0.9765625,0.0625,0.24609375,1.0090305744601165,-3.173828125,5.37109375,-0.42724609375
580,-0.9765625,0.05859375,0.24609375,1.0087961527158869,-3.47900390625,5.55419921875,-0.3662109375
581,-0.9765625,0.0625,0.23828125,1.0071536727370916,-3.60107421875,5.7373046875,-0.42724609375
582,-0.9765625,0.0546875,0.25390625,1.0105114659673895,-3.60107421875,5.79833984375,-0.48828125
583,-0.96484375,0.05859375,0.25390625,0.9994123639630378,-3.23486328125,5.9814453125,-0.48828125
584,-0.9765625,0.0625,0.24609375,1.0090305744601165,-2.9296875,5.92041015625,-0.42724609375
585,-0.984375,0.05859375,0.25390625,1.0182807824726563,-2.5634765625,6.04248046875,-0.30517578125
586,-0.99609375,0.0546875,0.2265625,1.0229975795922308,-2.13623046875,5.9814453125,-0.244140625
587,-0.97265625,0.05859375,0.234375,1.002210082182436,-2.0751953125,6.103515625,-0.1220703125
588,-0.97265625,0.0546875,0.25390625,1.0067369503049817,-2.01416015625,6.16455078125,-0.18310546875
589,-0.97265625,0.06640625,0.2421875,1.0045520174980362,-1.953125,6.16455078125,-0.18310546875
590,-0.96484375,0.0703125,0.25390625,1.0001678325957974,-2.0751953125,6.2255859375,-0.30517578125
591,-0.96484375,0.0625,0.23046875,0.9939545043112512,-2.13623046875,6.28662109375,-0.42724609375
592,-0.97265625,0.05859375,0.2421875,1.0040658311880626,-2.197265625,6.40869140625,-0.6103515625
593,-0.97265625,0.05859375,0.23828125,1.0031307802598262,-2.3193359375,6.40869140625,-0.67138671875
594,-0.98046875,0.05859375,0.23046875,1.0088944652401397,-2.38037109375,6.34765625,-0.79345703125
595,-0.96875,0.05078125,0.2421875,0.9998550309959002,-2.25830078125,6.40869140625,-0.8544921875
596,-0.9765625,0.06640625,0.2421875,1.0083347120879864,-2.197265625,6.40869140625,-0.8544921875
597,-0.98046875,0.05859375,0.23828125,1.0107077477526267,-2.0751953125,6.34765625,-0.732421875
598,-0.98046875,0.05078125,0.2578125,1.015068958364098,-2.0751953125,6.34765625,-0.67138671875
599,-0.984375,0.0546875,0.2421875,1.0152042397653291,-2.0751953125,6.34765625,-0.6103515625
600,-0.98046875,0.05859375,0.234375,1.0097939581373148,-2.01416015625,6.2255859375,-0.54931640625
601,-0.96875,0.05078125,0.25390625,1.002758037435066,-2.197265625,6.16455078125,-0.48828125
602,-0.97265625,0.0546875,0.23828125,1.002910194096099,-2.25830078125,6.04248046875,-0.48828125
603,-0.97265625,0.0625,0.23046875,1.0015399519692787,-2.3193359375,5.92041015625,-0.42724609375
604,-0.98828125,0.06640625,0.234375,1.0178611200775993,-2.5634765625,5.92041015625,-0.3662109375
605,-0.97265625,0.06640625,0.23828125,1.0036174195402785,-2.62451171875,5.79833984375,-0.3662109375
606,-0.98046875,0.0703125,0.22265625,1.0078881996763704,-2.62451171875,5.615234375,-0.30517578125
607,-0.98046875,0.0625,0.25,1.013767833247121,-2.5634765625,5.55419921875,-0.42724609375
608,-1.0,0.078125,0.2109375,1.0249868996876252,-2.50244140625,5.43212890625,-0.3662109375
609,-0.98046875,0.05859375,0.23046875,1.0088944652401397,-2.5634765625,5.2490234375,-0.3662109375
610,-0.984375,0.0703125,0.23046875,1.0134366447922694,-2.5634765625,5.18798828125,-0.54931640625
611,-0.98046875,0.05859375,0.2421875,1.0116357953442905,-2.50244140625,5.0048828125,-0.54931640625
612,-0.984375,0.06640625,0.23046875,1.0131731221220908,-2.50244140625,5.126953125,-0.54931640625
613,-0.9765625,0.06640625,0.23828125,1.0074036234533181,-2.685546875,5.2490234375,-0.6103515625
614,-0.98828125,0.078125,0.234375,1.0186927826148384,-2.86865234375,5.2490234375,-0.67138671875
615,-0.96484375,0.06640625,0.25390625,0.9999008129520585,-3.11279296875,5.2490234375,-0.67138671875
616,-0.98046875,0.05859375,0.23828125,1.0107077477526267,-3.23486328125,5.37109375,-0.79345703125
617,-0.97265625,0.0546875,0.24609375,1.0047950224346134,-3.41796875,5.31005859375,-0.732421875
618,-0.96875,0.0390625,0.25,1.0012504389043981,-3.47900390625,5.31005859375,-0.732421875
619,-0.984375,0.0546875,0.25390625,1.018063478900168,-3.41796875,5.31005859375,-0.6103515625
620,-0.98046875,0.05859375,0.23828125,1.0107077477526267,-3.23486328125,5.43212890625,-0.6103515625
621,-0.96875,0.046875,0.2421875,0.9996642502766866,-3.0517578125,5.55419921875,-0.48828125
622,-0.9765625,0.046875,0.25,1.009143984786735,-2.9296875,5.4931640625,-0.3662109375
623,-0.97265625,0.0546875,0.2421875,1.0038454504935321,-2.86865234375,5.37109375,-0.30517578125
624,-0.96875,0.04296875,0.23828125,0.9985493628650138,-2.74658203125,5.2490234375,-0.3662109375
625,-0.97265625,0.046875,0.23046875,1.0006864099285175,-2.62451171875,5.18798828125,-0.244140625
626,-0.97265625,0.05078125,0.23046875,1.0008769958102681,-2.5634765625,5.0048828125,-0.244140625
627,-0.96875,0.0546875,0.2265625,0.9963924184589624,-2.50244140625,4.7607421875,-0.244140625
628,-0.9765625,0.05859375,0.234375,1.0060015827871807,-2.50244140625,4.5166015625,-0.30517578125
629,-0.96484375,0.04296875,0.234375,0.9938316839463436,-2.3193359375,4.45556640625,-0.244140625
630,-0.9765625,0.0546875,0.25,1.0095370419467034,-2.3193359375,4.33349609375,-0.30517578125
631,-0.97265625,0.0546875,0.24609375,1.0047950224346134,-2.38037109375,4.21142578125,-0.3662109375
632,-0.98828125,0.05859375,0.23828125,1.0182882748721933,-2.44140625,4.08935546875,-0.30517578125
633,-0.9765625,0.0546875,0.234375,1.0057816262427446,-2.50244140625,4.08935546875,-0.3662109375
634,-0.9921875,0.04296875,0.24609375,1.0231541831131197,-2.5634765625,4.150390625,-0.30517578125
635,-0.9765625,0.05078125,0.2421875,1.0074263431705877,-2.44140625,4.08935546875,-0.18310546875
636,-0.98046875,0.05078125,0.23046875,1.008470896855575,-2.3193359375,4.2724609375,-0.1220703125
637,-0.984375,0.05859375,0.25,1.0173138002426108,-2.25830078125,4.57763671875,-0.06103515625
638,-0.98046875,0.05078125,0.21875,1.0058574787603485,-2.0751953125,4.638671875,-0.18310546875
639,-0.9765625,0.0625,0.23828125,1.0071536727370916,-1.89208984375,4.7607421875,-0.1220703125
640,-0.9765625,0.0546875,0.2421875,1.0076307975735705,-1.708984375,5.0048828125,-0.06103515625
641,-0.984375,0.0546875,0.234375,1.0133688883650662,-1.5869140625,5.06591796875,0.0
642,-0.984375,0.0546875,0.234375,1.0133688883650662,-1.52587890625,5.126953125,0.06103515625
643,-0.96875,0.0546875,0.23046875,0.997287887163387,-1.52587890625,5.06591796875,-0.06103515625
644,-0.984375,0.06640625,0.2265625,1.0122917055228262,-1.64794921875,5.0048828125,0.0
645,-0.97265625,0.05859375,0.23046875,1.0013037765482,-1.708984375,5.06591796875,0.0
646,-0.9765625,0.06640625,0.2421875,1.0083347120879864,-1.708984375,5.06591796875,0.06103515625
647,-0.98046875,0.05859375,0.234375,1.0097939581373148,-2.01416015625,5.06591796875,0.0
648,-0.984375,0.0625,0.234375,1.013820512344271,-2.25830078125,4.94384765625,0.0
649,-0.97265625,0.06640625,0.2421875,1.0045520174980362,-2.44140625,4.94384765625,0.0
650,-0.97265625,0.0546875,0.234375,1.0019892933286825,-2.5634765625,4.94384765625,0.0
651,-0.98046875,0.0625,0.22265625,1.007373329699881,-2.62451171875,4.8828125,-0.06103515625
652,-0.96484375,0.0703125,0.21875,0.9918260291353078,-2.62451171875,4.8828125,-0.06103515625
653,-0.96875,0.0625,0.24609375,1.0014713906493098,-2.74658203125,4.94384765625,-0.18310546875
654,-0.97265625,0.0546875,0.234375,1.0019892933286825,-2.685546875,5.0048828125,-0.244140625
655,-0.9609375,0.0625,0.23046875,0.9901631045604621,-2.86865234375,5.126953125,-0.244140625
656,-0.9765625,0.05859375,0.2421875,1.007850350548911,-2.9296875,5.18798828125,-0.3662109375
657,-0.97265625,0.05859375,0.23828125,1.0031307802598262,-3.173828125,5.126953125,-0.42724609375
658,-0.97265625,0.0625,0.234375,1.0024460440787137,-3.35693359375,5.06591796875,-0.42724609375
659,-0.984375,0.06640625,0.23046875,1.0131731221220908,-3.5400390625,5.0048828125,-0.48828125
660,-0.984375,0.06640625,0.24609375,1.0168412188995513,-3.5400390625,5.126953125,-0.48828125
661,-0.9765625,0.046875,0.2265625,1.0035946135953002,-3.662109375,5.2490234375,-0.6103515625
662,-0.97265625,0.046875,0.25,1.005364335099004,-3.84521484375,5.4931640625,-0.67138671875
663,-0.97265625,0.04296875,0.23046875,1.000511038853239,-3.84521484375,5.55419921875,-0.732421875
664,-0.98046875,0.05078125,0.24609375,1.012156034842053,-3.72314453125,5.615234375,-0.67138671875
665,-0.98046875,0.0390625,0.24609375,1.0116357953442905,-3.72314453125,5.4931640625,-0.67138671875
666,-0.98046875,0.04296875,0.25,1.0127513432245474,-3.47900390625,5.4931640625,-0.48828125
667,-0.98046875,0.03515625,0.2421875,1.010549215425392,-3.173828125,5.4931640625,-0.6103515625
668,-0.98046875,0.046875,0.23046875,1.0082817463775315,-2.8076171875,5.67626953125,-0.54931640625
669,-0.98046875,0.05078125,0.2421875,1.0112133752252168,-2.50244140625,5.92041015625,-0.48828125
670,-0.9921875,0.06640625,0.2109375,1.0165335479469246,-2.197265625,6.103515625,-0.3662109375
671,-0.98828125,0.05078125,0.21484375,1.0126383369037475,-1.8310546875,6.2255859375,-0.30517578125
672,-0.984375,0.0390625,0.23828125,1.0135570894788377,-1.52587890625,6.2255859375,-0.18310546875
673,-0.984375,0.05859375,0.23046875,1.0126910747560802,-1.3427734375,6.103515625,-0.1220703125
674,-0.98046875,0.046875,0.2109375,1.0039974423562106,-1.15966796875,6.16455078125,0.0
675,-0.9765625,0.05859375,0.21875,1.0024764867293958,-1.15966796875,6.103515625,0.06103515625
676,-0.984375,0.0546875,0.22265625,1.010722844772647,-1.03759765625,6.2255859375,0.1220703125
677,-0.984375,0.0546875,0.2265625,1.0115905444830433,-1.15966796875,6.103515625,0.18310546875
678,-0.98828125,0.04296875,0.23046875,1.0157076288502944,-1.03759765625,6.2255859375,0.06103515625
679,-0.9921875,0.04296875,0.23828125,1.021303237405216,-0.91552734375,6.28662109375,0.06103515625
680,-0.98046875,0.046875,0.22265625,1.0065247344281336,-0.8544921875,6.34765625,0.18310546875
681,-0.97265625,0.046875,0.25,1.005364335099004,-0.79345703125,6.4697265625,0.30517578125
682,-0.9765625,0.05078125,0.2265625,1.0037846473044219,-0.8544921875,6.40869140625,0.3662109375
683,-0.9765625,0.05078125,0.21875,1.002050205457697,-1.0986328125,6.53076171875,0.3662109375
684,-0.97265625,0.05078125,0.21875,0.9982436969576242,-1.40380859375,6.28662109375,0.30517578125
685,-0.98046875,0.0625,0.21875,1.0065171544621396,-1.64794921875,5.9814453125,0.30517578125
686,-0.97265625,0.05859375,0.234375,1.002210082182436,-1.89208984375,5.67626953125,0.18310546875
687,-0.98046875,0.07421875,0.2109375,1.0056450772933634,-2.13623046875,5.4931640625,0.244140625
688,-0.9765625,0.05859375,0.2265625,1.004210192316112,-2.25830078125,5.31005859375,0.18310546875
689,-0.98046875,0.05859375,0.234375,1.0097939581373148,-2.25830078125,5.2490234375,0.06103515625
690,-0.984375,0.0546875,0.2421875,1.0152042397653291,-2.197265625,5.2490234375,0.06103515625
691,-0.98828125,0.06640625,0.2421875,1.0196883858791739,-2.3193359375,5.06591796875,0.1220703125
692,-0.97265625,0.05859375,0.23828125,1.0031307802598262,-2.50244140625,5.0048828125,-0.1220703125
693,-0.984375,0.0546875,0.2265625,1.0115905444830433,-2.62451171875,4.94384765625,-0.06103515625
694,-0.9765625,0.0625,0.23828125,1.0071536727370916,-2.5634765625,5.0048828125,-0.1220703125
695,-0.98046875,0.05859375,0.25,1.0135345071903694,-2.74658203125,5.126953125,-0.1220703125
696,-0.9765625,0.04296875,0.2265625,1.0034197507967753,-2.62451171875,5.31005859375,-0.18310546875
697,-0.98828125,0.0625,0.23046875,1.0167211632636182,-2.5634765625,5.43212890625,-0.244140625
698,-0.9921875,0.0546875,0.2265625,1.0191944486793234,-2.5634765625,5.55419921875,-0.244140625
699,-0.984375,0.05859375,0.23046875,1.0126910747560802,-2.62451171875,5.67626953125,-0.30517578125
700,-0.9921875,0.05078125,0.23828125,1.0216617466702838,-2.5634765625,5.92041015625,-0.244140625
701,-0.98828125,0.0546875,0.23046875,1.016270828315157,-2.5634765625,6.103515625,-0.18310546875
702,-0.96875,0.05078125,0.23046875,0.9970813119190054,-2.50244140625,6.16455078125,-0.244140625
703,-0.98828125,0.04296875,0.24609375,1.0193666054796908,-2.38037109375,6.34765625,-0.244140625
704,-0.984375,0.05078125,0.22265625,1.010519015971805,-2.3193359375,6.4697265625,-0.244140625
705,-0.98046875,0.0625,0.234375,1.0100281482966513,-2.3193359375,6.40869140625,-0.30517578125
706,-0.98828125,0.0546875,0.234375,1.0171637982069617,-2.197265625,6.28662109375,-0.30517578125
707,-0.98046875,0.046875,0.21875,1.0056678367391305,-2.0751953125,6.2255859375,-0.244140625
708,-0.96875,0.05078125,0.2109375,0.9927486725036768,-1.953125,6.34765625,-0.30517578125
709,-0.9765625,0.04296875,0.2421875,1.007062766186429,-1.64794921875,6.53076171875,-0.3662109375
710,-0.98046875,0.046875,0.2265625,1.0073960501003627,-1.0986328125,6.591796875,-0.48828125
711,-0.98046875,0.04296875,0.2265625,1.0072218472657228,-0.91552734375,6.7138671875,-0.3662109375
712,-0.9765625,0.0546875,0.21875,1.0022557565624155,-1.220703125,6.65283203125,-0.3662109375
713,-0.98046875,0.0546875,0.21875,1.0060622519918,-1.40380859375,6.77490234375,-0.30517578125
714,-0.98828125,0.0546875,0.2265625,1.015392100700051,-1.64794921875,6.77490234375,-0.3662109375
715,-0.984375,0.0546875,0.21875,1.0098695092838728,-1.64794921875,6.7138671875,-0.30517578125
716,-0.9765625,0.0546875,0.2109375,1.000579665978052,-1.89208984375,6.591796875,-0.30517578125
717,-0.98828125,0.05078125,0.21484375,1.0126383369037475,-2.13623046875,6.591796875,-0.244140625
718,-0.984375,0.046875,0.21875,1.0094765815758184,-2.38037109375,6.4697265625,-0.244140625
719,-0.98046875,0.0625,0.23046875,1.0091288641462621,-2.44140625,6.40869140625,-0.18310546875
720,-0.98828125,0.04296875,0.23046875,1.0157076288502944,-2.38037109375,6.34765625,-0.06103515625
721,-0.98046875,0.0546875,0.21484375,1.005220139719094,-2.3193359375,5.9814453125,-0.1220703125
722,-0.98828125,0.05078125,0.22265625,1.01432458814582,-2.0751953125,5.79833984375,-0.1220703125
723,-0.984375,0.05078125,0.21875,1.009665508213766,-2.0751953125,5.79833984375,-0.18310546875
724,-0.9765625,0.0546875,0.21875,1.0022557565624155,-2.0751953125,5.859375,-0.18310546875
725,-0.98828125,0.0546875,0.22265625,1.0145276523692566,-2.0751953125,5.9814453125,-0.244140625
726,-0.98046875,0.05859375,0.23046875,1.0088944652401397,-2.0751953125,6.103515625,-0.3662109375
727,-0.98828125,0.04296875,0.22265625,1.0139634846690424,-2.01416015625,5.9814453125,-0.3662109375
728,-0.984375,0.046875,0.19921875,1.0054250427563272,-1.953125,5.79833984375,-0.42724609375
729,-0.9921875,0.0546875,0.22265625,1.0183332281117818,-1.953125,5.7373046875,-0.48828125
730,-0.9921875,0.05078125,0.23046875,1.019867940095371,-1.89208984375,5.7373046875,-0.54931640625
731,-0.984375,0.0390625,0.21484375,1.0083044463084117,-1.8310546875,5.859375,-0.48828125
732,-0.984375,0.046875,0.2265625,1.0111982855287336,-1.708984375,5.92041015625,-0.30517578125
733,-0.984375,0.046875,0.21484375,1.0086373199342082,-1.77001953125,5.92041015625,-0.30517578125
734,-0.98828125,0.04296875,0.20703125,1.0106473574173573,-1.708984375,5.92041015625,-0.18310546875
735,-0.9765625,0.046875,0.2265625,1.0035946135953002,-1.64794921875,6.16455078125,-0.06103515625
736,-0.984375,0.046875,0.21484375,1.0086373199342082,-1.708984375,6.103515625,0.06103515625
737,-0.9765625,0.046875,0.20703125,0.9993665596305554,-1.708984375,6.103515625,0.1220703125
738,-0.9765625,0.046875,0.21484375,1.001014195176728,-1.52587890625,6.103515625,0.1220703125
739,-0.9765625,0.05859375,0.2265625,1.004210192316112,-1.77001953125,6.103515625,0.30517578125
740,-0.97265625,0.0546875,0.2109375,0.9967675417200154,-2.01416015625,5.92041015625,0.3662109375
741,-0.98046875,0.05078125,0.23828125,1.0102849395985707,-2.25830078125,5.67626953125,0.30517578125
742,-0.96875,0.05078125,0.2265625,0.9961856575246466,-2.25830078125,5.37109375,0.30517578125
743,-0.984375,0.05078125,0.2109375,1.0080017385316418,-2.13623046875,5.2490234375,0.30517578125
744,-0.98046875,0.0546875,0.22265625,1.006918814029649,-2.13623046875,5.0048828125,0.30517578125
745,-0.98046875,0.0546875,0.21875,1.0060622519918,-2.25830078125,5.0048828125,0.18310546875
746,-0.9765625,0.05078125,0.21875,1.002050205457697,-2.38037109375,5.06591796875,0.0
747,-0.98828125,0.0625,0.21875,1.014129006389997,-2.38037109375,5.126953125,0.06103515625
748,-0.96875,0.04296875,0.22265625,0.99493652141261,-2.25830078125,5.06591796875,-0.1220703125
749,-0.9921875,0.05859375,0.20703125,1.0152493295599239,-1.89208984375,5.0048828125,-0.18310546875
750,-0.98828125,0.04296875,0.2265625,1.01482841356772,-1.40380859375,5.06591796875,-0.18310546875
751,-0.97265625,0.046875,0.2265625,0.9997939851265922,-1.15966796875,5.06591796875,-0.244140625
752,-0.98828125,0.0625,0.203125,1.010873802572093,-0.9765625,5.06591796875,-0.244140625
753,-0.98046875,0.03515625,0.21875,1.0051897801612515,-0.79345703125,5.126953125,-0.18310546875
754,-0.9765625,0.05078125,0.23046875,1.0046735273134129,-0.6103515625,5.126953125,-0.244140625
755,-0.98046875,0.04296875,0.2109375,1.0038226497292113,-0.30517578125,5.06591796875,-0.1220703125
756,-0.984375,0.0546875,0.2265625,1.0115905444830433,0.0,5.0048828125,-0.18310546875
757,-0.98828125,0.04296875,0.2109375,1.0114547797525972,0.30517578125,4.8828125,0.0
758,-0.984375,0.0546875,0.20703125,1.0073960501003627,0.54931640625,4.69970703125,0.0
759,-0.9765625,0.046875,0.20703125,0.9993665596305554,0.6103515625,4.5166015625,0.1220703125
760,-0.98046875,0.05078125,0.2109375,1.0041873998335047,0.732421875,4.2724609375,0.244140625
761,-0.984375,0.0703125,0.22265625,1.0116885854576558,0.732421875,4.21142578125,0.18310546875
762,-0.97265625,0.05859375,0.2109375,0.9969894869603064,0.67138671875,4.0283203125,0.0
763,-0.9765625,0.0546875,0.21484375,1.0014104433131115,0.6103515625,3.90625,-0.06103515625
764,-0.9765625,0.05859375,0.23046875,1.005098695985561,0.48828125,3.72314453125,-0.06103515625
765,-0.98828125,0.05078125,0.23046875,1.016068112470659,0.42724609375,3.60107421875,-0.1220703125
766,-0.98046875,0.05078125,0.22265625,1.0067142150293635,0.42724609375,3.5400390625,-0.1220703125
767,-0.98046875,0.05078125,0.203125,1.0025754189601523,0.3662109375,3.47900390625,-0.18310546875
768,-0.9765625,0.05859375,0.234375,1.0060015827871807,0.42724609375,3.35693359375,-0.244140625
769,-0.99609375,0.0625,0.21484375,1.020914710298135,0.42724609375,3.35693359375,-0.30517578125
770,-0.9921875,0.0546875,0.22265625,1.0183332281117818,0.30517578125,3.35693359375,-0.3662109375
771,-0.98828125,0.0546875,0.234375,1.0171637982069617,0.30517578125,3.2958984375,-0.3662109375
772,-0.99609375,0.06640625,0.21484375,1.0211612927163796,0.30517578125,3.35693359375,-0.244140625
773,-0.99609375,0.05078125,0.21875,1.0210940488714175,0.18310546875,3.2958984375,-0.30517578125
774,-0.99609375,0.0546875,0.21875,1.0212957671239573,0.0,3.35693359375,-0.3662109375
775,-0.984375,0.05859375,0.21875,1.0100885756526814,-0.18310546875,3.35693359375,-0.18310546875
776,-0.984375,0.04296875,0.21484375,1.008463331517624,-0.18310546875,3.35693359375,-0.18310546875
777,-0.984375,0.046875,0.21875,1.0094765815758184,-0.244140625,3.35693359375,-0.18310546875
778,-0.98046875,0.0546875,0.22265625,1.006918814029649,-0.244140625,3.35693359375,-0.244140625
779,-0.98046875,0.05078125,0.22265625,1.0067142150293635,-0.244140625,3.2958984375,-0.1220703125
780,-0.98046875,0.05078125,0.21484375,1.0050151949061206,-0.18310546875,3.2958984375,-0.1220703125
781,-0.984375,0.0625,0.21875,1.0103226975204507,-0.1220703125,3.35693359375,-0.1220703125
782,-0.984375,0.05859375,0.21875,1.0100885756526814,-0.06103515625,3.35693359375,-0.1220703125
783,-0.96875,0.046875,0.22265625,0.9951128748986532,0.0,3.41796875,-0.06103515625
784,-0.9765625,0.04296875,0.2109375,1.0000076293654276,0.1220703125,3.2958984375,-0.1220703125
785,-0.97265625,0.046875,0.20703125,0.9955497901991768,0.244140625,3.2958984375,0.0
786,-0.9765625,0.04296875,0.21875,1.001684677122902,0.3662109375,3.11279296875,-0.1220703125
787,-0.9765625,0.0546875,0.203125,0.9989618634800329,0.6103515625,3.0517578125,-0.1220703125
788,-0.98828125,0.0703125,0.21875,1.0146404482661888,0.732421875,2.99072265625,-0.1220703125
789,-0.9765625,0.05078125,0.23046875,1.0046735273134129,0.732421875,2.86865234375,-0.18310546875
790,-0.98828125,0.05078125,0.21484375,1.0126383369037475,0.79345703125,2.74658203125,-0.18310546875
791,-0.98828125,0.0625,0.2265625,1.015842825198767,0.79345703125,2.5634765625,-0.18310546875
792,-0.98828125,0.0546875,0.234375,1.0171637982069617,0.79345703125,2.25830078125,-0.18310546875
793,-0.984375,0.0546875,0.20703125,1.0073960501003627,0.6103515625,2.13623046875,-0.1220703125
794,-0.97265625,0.04296875,0.21875,0.9978767742765762,0.42724609375,2.01416015625,-0.06103515625
795,-0.98828125,0.046875,0.2265625,1.0150013109020168,0.3662109375,1.77001953125,-0.1220703125
796,-0.984375,0.05859375,0.2109375,1.008425503976527,0.30517578125,1.64794921875,-0.244140625
797,-0.98828125,0.05859375,0.2109375,1.0122389468632764,0.244140625,1.40380859375,-0.30517578125
798,-0.98828125,0.05078125,0.20703125,1.0110096453198096,0.06103515625,1.220703125,-0.42724609375
799,-0.98828125,0.046875,0.22265625,1.0141365294626878,0.06103515625,0.9765625,-0.54931640625
800,-0.9921875,0.05859375,0.2109375,1.016053094873276,0.0,0.8544921875,-0.67138671875
801,-0.9921875,0.05859375,0.2109375,1.016053094873276,-0.06103515625,0.8544921875,-0.6103515625
802,-0.9765625,0.0546875,0.2265625,1.0039898433095575,-0.18310546875,0.9765625,-0.67138671875
803,-0.99609375,0.07421875,0.23046875,1.025098544710306,-0.18310546875,1.15966796875,-0.732421875
804,-0.984375,0.04296875,0.24609375,1.01557992688445,-0.1220703125,1.40380859375,-0.67138671875
805,-0.984375,0.06640625,0.21484375,1.0097335131499425,-0.1220703125,1.5869140625,-0.732421875
806,-0.98828125,0.04296875,0.23046875,1.0157076288502944,-0.1220703125,1.8310546875,-0.79345703125
807,-0.9921875,0.0546875,0.22265625,1.0183332281117818,-0.06103515625,2.13623046875,-0.79345703125
808,-0.98046875,0.05078125,0.20703125,1.0033741294027305,-0.1220703125,2.3193359375,-0.732421875
809,-0.98828125,0.0546875,0.2421875,1.0189923144528925,0.0,2.62451171875,-0.67138671875
810,-0.9765625,0.04296875,0.2265625,1.0034197507967753,0.1220703125,2.8076171875,-0.732421875
811,-0.98046875,0.04296875,0.2265625,1.0072218472657228,0.1220703125,3.0517578125,-0.79345703125
812,-0.9921875,0.04296875,0.25,1.024100751211917,0.18310546875,3.2958984375,-0.732421875
813,-0.97265625,0.0390625,0.23828125,1.0021796314393319,0.18310546875,3.5400390625,-0.6103515625
814,-0.98828125,0.04296875,0.22265625,1.0139634846690424,0.244140625,3.7841796875,-0.54931640625
815,-0.984375,0.0546875,0.23828125,1.0142794572418454,0.1220703125,3.84521484375,-0.3662109375
816,-0.984375,0.0546875,0.2265625,1.0115905444830433,-0.06103515625,3.84521484375,-0.244140625
817,-0.98046875,0.0625,0.22265625,1.007373329699881,-0.1220703125,3.7841796875,-0.18310546875
818,-0.98046875,0.05078125,0.23046875,1.008470896855575,-0.18310546875,3.72314453125,-0.06103515625
819,-0.98046875,0.05078125,0.21875,1.0058574787603485,-0.244140625,3.5400390625,0.06103515625
820,-0.98046875,0.0546875,0.2265625,1.0077897889882903,-0.3662109375,3.173828125,0.06103515625
821,-0.9765625,0.05859375,0.2265625,1.004210192316112,-0.244140625,2.9296875,0.1220703125
822,-0.98046875,0.04296875,0.21484375,1.0046507453424736,-0.244140625,2.685546875,0.0
823,-0.9765625,0.0546875,0.2109375,1.000579665978052,-0.30517578125,2.44140625,0.06103515625
824,-0.9765625,0.05859375,0.23046875,1.005098695985561,-0.30517578125,2.0751953125,0.0
825,-0.96875,0.0546875,0.23046875,0.997287887163387,-0.48828125,1.77001953125,-0.06103515625
826,-0.98046875,0.04296875,0.23046875,1.008107696592823,-0.6103515625,1.46484375,-0.18310546875
827,-0.9765625,0.05078125,0.234375,1.0055767958653443,-0.6103515625,1.40380859375,-0.244140625
828,-0.984375,0.06640625,0.22265625,1.0114246073376527,-0.67138671875,1.40380859375,-0.244140625
829,-0.98046875,0.0546875,0.2265625,1.0077897889882903,-0.732421875,1.52587890625,-0.30517578125
830,-0.98046875,0.05078125,0.23828125,1.0102849395985707,-0.732421875,1.77001953125,-0.42724609375
831,-0.9765625,0.0546875,0.23046875,1.0048785418094381,-0.6103515625,1.953125,-0.48828125
832,-0.98046875,0.05078125,0.23046875,1.008470896855575,-0.6103515625,2.01416015625,-0.48828125
833,-0.97265625,0.04296875,0.2421875,1.0032752759322214,-0.48828125,2.25830078125,-0.48828125
834,-0.9765625,0.046875,0.234375,1.0053871009000712,-0.244140625,2.5634765625,-0.48828125
835,-0.9765625,0.05078125,0.2421875,1.0074263431705877,-0.1220703125,2.8076171875,-0.3662109375
836,-0.98046875,0.0546875,0.21875,1.0060622519918,-0.18310546875,2.99072265625,-0.42724609375
837,-0.984375,0.0546875,0.24609375,1.0161431971283932,-0.1220703125,3.173828125,-0.30517578125
838,-0.9765625,0.046875,0.234375,1.0053871009000712,0.0,3.23486328125,-0.244140625
839,-0.9765625,0.046875,0.23046875,1.0044836617674837,0.0,3.41796875,-0.18310546875
840,-0.9765625,0.046875,0.23828125,1.006304892233369,0.06103515625,3.47900390625,-0.244140625
841,-0.984375,0.0390625,0.23046875,1.011748913643011,0.06103515625,3.47900390625,-0.244140625
842,-0.9765625,0.046875,0.23828125,1.006304892233369,0.06103515625,3.47900390625,-0.18310546875
843,-0.984375,0.05859375,0.22265625,1.0109417262276421,0.06103515625,3.47900390625,-0.18310546875
844,-0.984375,0.05078125,0.2421875,1.0150013109020168,0.1220703125,3.60107421875,-0.30517578125
845,-0.96875,0.05859375,0.23828125,0.9993436566770337,0.1220703125,3.72314453125,-0.3662109375
846,-0.9609375,0.046875,0.23046875,0.9892997469209281,0.06103515625,3.72314453125,-0.3662109375
847,-0.96875,0.05078125,0.234375,0.99799145210596,0.1220703125,3.72314453125,-0.3662109375
848,-0.953125,0.03125,0.2421875,0.9839098603435429,0.1220703125,3.72314453125,-0.244140625
849,-0.984375,0.05859375,0.2265625,1.0118092382313537,0.30517578125,3.662109375,-0.244140625
850,-0.984375,0.05859375,0.22265625,1.0109417262276421,0.30517578125,3.47900390625,-0.244140625
851,-0.98828125,0.04296875,0.23046875,1.0157076288502944,0.244140625,3.41796875,-0.18310546875
852,-0.984375,0.05859375,0.23046875,1.0126910747560802,0.06103515625,3.2958984375,-0.18310546875
853,-0.98828125,0.0390625,0.234375,1.0164434802943116,-0.06103515625,3.173828125,-0.1220703125
854,-0.9765625,0.05078125,0.2265625,1.0037846473044219,-0.1220703125,3.11279296875,-0.06103515625
855,-0.9921875,0.0625,0.23046875,1.0205185593034614,-0.244140625,2.9296875,0.0
856,-0.9765625,0.0390625,0.23046875,1.0041494112128246,-0.30517578125,2.8076171875,-0.06103515625
857,-0.98828125,0.046875,0.234375,1.0167736893485997,-0.42724609375,2.8076171875,-0.06103515625
858,-0.9765625,0.0546875,0.21484375,1.0014104433131115,-0.48828125,2.8076171875,-0.06103515625
859,-0.98046875,0.05859375,0.234375,1.0097939581373148,-0.42724609375,2.74658203125,-0.1220703125
860,-0.98046875,0.046875,0.23828125,1.0100961288180077,-0.48828125,2.74658203125,-0.1220703125
861,-0.97265625,0.05078125,0.234375,1.001783687549675,-0.244140625,2.86865234375,-0.244140625
862,-0.98046875,0.05078125,0.23046875,1.008470896855575,-0.30517578125,2.86865234375,-0.18310546875
863,-0.9765625,0.046875,0.23046875,1.0044836617674837,-0.244140625,2.86865234375,-0.1220703125
864,-0.96875,0.05859375,0.2421875,1.0002822477657556,-0.30517578125,2.86865234375,-0.18310546875
865,-0.98046875,0.05078125,0.23046875,1.008470896855575,-0.3662109375,2.86865234375,-0.18310546875
866,-0.97265625,0.05078125,0.23828125,1.0027047771488813,-0.42724609375,2.86865234375,-0.1220703125
867,-0.97265625,0.04296875,0.23046875,1.000511038853239,-0.48828125,2.86865234375,-0.06103515625
868,-0.97265625,0.046875,0.23046875,1.0006864099285175,-0.42724609375,2.86865234375,0.0
869,-0.98046875,0.0546875,0.23046875,1.00867513953174,-0.54931640625,2.9296875,0.1220703125
870,-0.98046875,0.05859375,0.25,1.0135345071903694,-0.54931640625,2.74658203125,0.1220703125
871,-0.9765625,0.0625,0.23046875,1.0053339798956427,-0.67138671875,2.74658203125,0.1220703125
872,-0.98046875,0.05078125,0.23046875,1.008470896855575,-0.67138671875,2.74658203125,0.1220703125
873,-0.97265625,0.05859375,0.21875,0.9986716030323106,-0.79345703125,2.74658203125,0.18310546875
874,-0.98046875,0.05859375,0.2421875,1.0116357953442905,-0.8544921875,2.74658203125,0.1220703125
875,-0.98046875,0.0625,0.2265625,1.0082439120236792,-0.91552734375,2.8076171875,0.18310546875
876,-0.9765625,0.05859375,0.2265625,1.004210192316112,-0.91552734375,2.74658203125,0.18310546875
877,-0.97265625,0.05859375,0.24609375,1.0050151949061206,-1.03759765625,2.86865234375,0.18310546875
878,-0.984375,0.06640625,0.22265625,1.0114246073376527,-1.0986328125,2.8076171875,0.244140625
879,-0.98046875,0.06640625,0.2265625,1.0084935925289138,-1.28173828125,2.86865234375,0.1220703125
880,-0.984375,0.06640625,0.2265625,1.0122917055228262,-1.3427734375,2.86865234375,0.06103515625
881,-0.96484375,0.06640625,0.25,0.9989160384902852,-1.46484375,2.86865234375,0.0
882,-0.97265625,0.0546875,0.2421875,1.0038454504935321,-1.5869140625,2.99072265625,-0.06103515625
883,-0.984375,0.05859375,0.2421875,1.0154221552242755,-1.5869140625,2.99072265625,-0.06103515625
884,-0.98828125,0.05078125,0.2421875,1.0187901401217894,-1.52587890625,3.0517578125,-0.06103515625
885,-0.98828125,0.05859375,0.24609375,1.0201446909285405,-1.28173828125,3.11279296875,-0.1220703125
886,-0.98046875,0.046875,0.23828125,1.0100961288180077,-1.0986328125,3.173828125,-0.1220703125
887,-0.97265625,0.04296875,0.23046875,1.000511038853239,-1.03759765625,3.2958984375,-0.18310546875
888,-0.984375,0.05859375,0.23828125,1.0144975713453557,-0.8544921875,3.41796875,-0.30517578125
889,-0.97265625,0.0546875,0.234375,1.0019892933286825,-0.67138671875,3.41796875,-0.30517578125
890,-0.9765625,0.05859375,0.234375,1.0060015827871807,-0.6103515625,3.47900390625,-0.30517578125
891,-0.9765625,0.046875,0.2421875,1.007236996534331,-0.67138671875,3.47900390625,-0.244140625
892,-0.984375,0.05859375,0.23828125,1.0144975713453557,-0.54931640625,3.41796875,-0.30517578125
893,-0.98046875,0.05859375,0.234375,1.0097939581373148,-0.48828125,3.47900390625,-0.244140625
894,-0.98046875,0.0546875,0.23828125,1.0104888156156777,-0.48828125,3.47900390625,-0.18310546875
895,-0.9765625,0.0546875,0.2421875,1.0076307975735705,-0.42724609375,3.5400390625,-0.244140625
896,-0.984375,0.0546875,0.23828125,1.0142794572418454,-0.3662109375,3.47900390625,-0.30517578125
897,-0.97265625,0.0546875,0.24609375,1.0047950224346134,-0.30517578125,3.662109375,-0.244140625
898,-0.9765625,0.046875,0.23828125,1.006304892233369,-0.30517578125,3.60107421875,-0.30517578125
899,-0.97265625,0.0390625,0.2421875,1.003115568978252,-0.42724609375,3.72314453125,-0.244140625
900,-0.98828125,0.0625,0.23828125,1.0185205119206608,-0.42724609375,3.662109375,-0.30517578125
901,-0.97265625,0.046875,0.2265625,0.9997939851265922,-0.48828125,3.60107421875,-0.30517578125
902,-0.97265625,0.05078125,0.24609375,1.0045899908941396,-0.42724609375,3.60107421875,-0.30517578125
903,-0.98046875,0.05078125,0.24609375,1.012156034842053,-0.30517578125,3.662109375,-0.30517578125
904,-0.98828125,0.06640625,0.234375,1.0178611200775993,-0.18310546875,3.7841796875,-0.30517578125
905,-0.98046875,0.046875,0.25390625,1.0138957634493917,-0.1220703125,3.7841796875,-0.30517578125
906,-0.98046875,0.05859375,0.2265625,1.0080093073339527,-0.1220703125,3.84521484375,-0.244140625
907,-0.9921875,0.0625,0.25390625,1.026065626042171,0.0,3.90625,-0.244140625
908,-0.98046875,0.05859375,0.26171875,1.0164885151181924,0.0,3.96728515625,-0.244140625
909,-0.9765625,0.04296875,0.23046875,1.0043089537634198,0.06103515625,3.90625,-0.244140625
910,-0.9765625,0.0546875,0.23046875,1.0048785418094381,0.0,3.96728515625,-0.244140625
911,-0.99609375,0.05078125,0.24609375,1.027299191048882,-0.06103515625,4.0283203125,-0.3662109375
912,-0.9921875,0.06640625,0.2421875,1.023474772699143,0.0,3.96728515625,-0.42724609375
913,-0.98828125,0.04296875,0.25,1.0203166873956953,-0.06103515625,3.96728515625,-0.3662109375
914,-0.984375,0.05859375,0.234375,1.0135871984141585,-0.06103515625,3.84521484375,-0.3662109375
915,-0.97265625,0.05078125,0.23046875,1.0008769958102681,-0.244140625,3.90625,-0.3662109375
916,-0.98046875,0.046875,0.25,1.012924595096576,-0.18310546875,3.90625,-0.3662109375
917,-0.9765625,0.0546875,0.2421875,1.0076307975735705,-0.1220703125,4.0283203125,-0.30517578125
918,-0.96875,0.05859375,0.2265625,0.9966144472389071,-0.1220703125,3.90625,-0.244140625
919,-0.9765625,0.046875,0.24609375,1.008183374104291,0.0,3.5400390625,-0.30517578125
920,-0.9765625,0.0546875,0.23046875,1.0048785418094381,-0.06103515625,3.41796875,-0.30517578125
921,-0.98046875,0.05859375,0.2421875,1.0116357953442905,0.0,3.41796875,-0.244140625
922,-0.98046875,0.05859375,0.25390625,1.0145050916849494,-0.1220703125,3.41796875,-0.30517578125
923,-0.9765625,0.05859375,0.22265625,1.0033361099897555,-0.244140625,3.41796875,-0.3662109375
924,-0.984375,0.0546875,0.2265625,1.0115905444830433,-0.244140625,3.35693359375,-0.30517578125
925,-0.98046875,0.05078125,0.234375,1.0093707672124872,-0.30517578125,3.23486328125,-0.244140625
926,-0.97265625,0.05859375,0.2265625,1.000411902472864,-0.244140625,3.41796875,-0.3662109375
927,-0.98828125,0.0390625,0.23046875,1.0155498770293732,-0.06103515625,3.5400390625,-0.48828125
928,-0.984375,0.04296875,0.23828125,1.0137151514124296,0.30517578125,3.5400390625,-0.3662109375
929,-0.984375,0.05078125,0.22265625,1.010519015971805,0.3662109375,3.41796875,-0.244140625
930,-0.98046875,0.05859375,0.22265625,1.0071385222151357,0.3662109375,3.35693359375,-0.244140625
931,-0.9765625,0.05078125,0.23046875,1.0046735273134129,0.244140625,3.173828125,-0.30517578125
932,-0.9765625,0.05859375,0.2421875,1.007850350548911,0.18310546875,3.0517578125,-0.30517578125
